VERTICES = 81
EDGES = 293
19 67
4 74
19 62
4 38
19 9
4 50
19 7
4 20
19 39
4 11
19 10
4 16
19 13
4 42
67 30
74 61
67 58
74 1
67 25
74 52
67 23
74 60
67 55
74 79
30 71
61 76
30 49
61 54
30 7
61 20
30 40
61 22
30 26
61 3
30 47
61 32
30 34
61 77
63 9
17 50
63 40
17 22
63 59
17 56
63 51
17 6
63 39
17 11
63 34
17 77
71 21
76 24
71 7
76 20
71 43
76 37
71 58
76 1
71 10
76 16
71 41
76 57
71 55
76 79
71 68
76 5
21 59
24 56
21 31
24 2
21 27
24 69
21 55
24 79
62 46
38 64
62 75
38 66
62 43
38 37
62 27
38 69
62 36
38 45
62 25
38 52
62 34
38 77
9 40
50 22
9 59
50 56
9 29
50 33
9 47
50 32
9 27
50 69
73 46
78 64
73 7
78 20
73 70
78 65
73 36
78 45
73 18
78 53
73 68
78 5
46 7
64 20
46 31
64 2
46 81
64 35
46 44
64 14
46 36
64 45
46 23
64 60
46 41
64 57
75 7
66 20
75 70
66 65
75 27
66 69
75 8
66 48
49 70
54 65
49 58
54 1
49 8
54 48
49 68
54 5
7 12
20 72
7 31
20 2
7 81
20 35
7 43
20 37
7 47
20 32
7 27
20 69
7 23
20 60
7 34
20 77
40 59
22 56
40 15
22 28
40 27
22 69
40 23
22 60
40 13
22 42
40 41
22 57
59 29
56 33
59 26
56 3
59 58
56 1
59 23
56 60
59 8
56 48
59 18
56 53
12 51
72 6
12 44
72 14
12 8
72 48
12 10
72 16
12 68
72 5
31 29
2 33
31 39
2 11
31 55
2 79
29 70
33 65
29 44
33 14
29 23
33 60
29 13
33 42
29 41
33 57
29 55
33 79
70 81
65 35
70 36
65 45
81 39
35 11
81 27
35 69
81 25
35 52
81 8
35 48
81 18
35 53
51 27
6 69
51 58
6 1
51 25
6 52
51 10
6 16
43 58
37 1
39 26
11 3
39 47
11 32
39 58
11 1
39 25
11 52
39 10
11 16
39 41
11 57
39 68
11 5
44 47
14 32
44 10
14 16
44 13
14 42
26 27
3 69
26 58
3 1
26 13
3 42
47 27
32 69
47 25
32 52
47 23
32 60
47 8
32 48
47 18
32 53
36 23
45 60
36 18
45 53
36 34
45 77
58 34
1 77
25 23
52 60
25 8
52 48
25 41
52 57
23 10
60 16
23 41
60 57
23 68
60 5
8 10
48 16
10 41
16 57
30 80
