VERTICES = 61
EDGES = 1390
44 57
44 56
44 43
44 51
44 11
44 49
44 19
44 8
44 25
44 41
44 13
44 27
44 37
44 12
44 52
44 1
44 58
44 54
44 9
44 32
44 18
44 39
44 35
44 40
44 38
44 20
44 16
44 22
44 29
44 21
44 46
44 17
44 31
44 24
44 36
44 3
44 26
44 14
44 48
44 28
44 34
44 2
44 45
44 6
44 47
44 53
44 30
44 23
59 57
59 56
59 55
59 51
59 49
59 19
59 8
59 25
59 41
59 27
59 37
59 15
59 12
59 7
59 52
59 1
59 58
59 54
59 9
59 42
59 18
59 39
59 40
59 38
59 20
59 16
59 22
59 21
59 46
59 17
59 31
59 33
59 36
59 3
59 26
59 10
59 48
59 61
59 5
59 28
59 4
59 2
59 45
59 6
59 47
59 53
59 30
59 23
57 56
57 55
57 43
57 51
57 49
57 19
57 8
57 25
57 41
57 27
57 37
57 12
57 7
57 52
57 1
57 58
57 54
57 9
57 42
57 32
57 38
57 21
57 46
57 17
57 31
57 33
57 24
57 36
57 3
57 10
57 48
57 61
57 5
57 4
57 34
57 2
57 45
57 47
57 50
57 53
57 30
57 23
56 55
56 43
56 51
56 11
56 49
56 19
56 8
56 25
56 41
56 13
56 37
56 15
56 12
56 7
56 52
56 58
56 54
56 9
56 42
56 18
56 39
56 40
56 38
56 20
56 22
56 29
56 46
56 17
56 31
56 33
56 24
56 36
56 3
56 26
56 14
56 10
56 48
56 5
56 28
56 34
56 2
56 47
56 50
56 53
56 30
56 23
55 11
55 49
55 19
55 8
55 25
55 13
55 27
55 37
55 15
55 12
55 7
55 52
55 1
55 58
55 54
55 9
55 32
55 39
55 35
55 38
55 20
55 16
55 22
55 29
55 17
55 31
55 33
55 24
55 26
55 10
55 48
55 61
55 5
55 28
55 4
55 2
55 45
55 6
55 47
55 50
55 53
55 30
55 23
43 51
43 49
43 8
43 37
43 12
43 1
43 58
43 54
43 9
43 42
43 18
43 39
43 35
43 40
43 38
43 20
43 16
43 22
43 29
43 46
43 31
43 24
43 36
43 26
43 10
43 48
43 61
43 5
43 28
43 4
43 34
43 2
43 45
43 6
43 47
43 50
43 53
43 30
43 23
51 49
51 25
51 41
51 27
51 37
51 15
51 12
51 7
51 52
51 58
51 54
51 35
51 40
51 38
51 20
51 16
51 22
51 29
51 21
51 46
51 31
51 36
51 3
51 26
51 10
51 48
51 61
51 5
51 28
51 4
51 34
51 2
51 45
51 47
51 50
51 30
11 49
11 19
11 8
11 25
11 13
11 27
11 37
11 15
11 12
11 7
11 52
11 58
11 9
11 42
11 32
11 35
11 40
11 38
11 20
11 22
11 29
11 21
11 46
11 17
11 31
11 33
11 24
11 36
11 3
11 26
11 14
11 10
11 48
11 61
11 28
11 4
11 34
11 2
11 45
11 6
11 53
11 30
11 23
49 19
49 8
49 41
49 13
49 27
49 15
49 12
49 7
49 52
49 1
49 58
49 54
49 9
49 42
49 18
49 39
49 35
49 40
49 20
49 16
49 22
49 21
49 46
49 31
49 33
49 24
49 14
49 10
49 48
49 61
49 5
49 28
49 4
49 34
49 45
49 6
49 47
49 50
49 53
19 13
19 27
19 37
19 15
19 12
19 7
19 1
19 58
19 54
19 9
19 32
19 18
19 39
19 35
19 40
19 38
19 20
19 21
19 46
19 17
19 31
19 24
19 36
19 3
19 26
19 14
19 48
19 5
19 4
19 2
19 6
19 47
19 50
19 53
19 23
8 25
8 41
8 27
8 37
8 15
8 12
8 7
8 52
8 1
8 58
8 54
8 9
8 42
8 32
8 18
8 39
8 38
8 20
8 16
8 29
8 21
8 31
8 33
8 24
8 36
8 3
8 26
8 10
8 48
8 61
8 5
8 28
8 4
8 34
8 2
8 45
8 6
8 47
8 53
8 30
8 23
25 41
25 13
25 12
25 52
25 1
25 58
25 54
25 9
25 32
25 40
25 38
25 20
25 16
25 29
25 21
25 46
25 17
25 31
25 33
25 24
25 36
25 3
25 26
25 14
25 10
25 48
25 61
25 5
25 28
25 4
25 34
25 45
25 6
25 47
25 30
41 13
41 27
41 37
41 12
41 7
41 52
41 1
41 58
41 54
41 9
41 42
41 32
41 18
41 39
41 35
41 40
41 38
41 20
41 16
41 22
41 21
41 46
41 17
41 24
41 36
41 10
41 48
41 61
41 5
41 28
41 4
41 34
41 2
41 45
41 6
41 47
41 50
41 53
41 30
41 23
13 37
13 15
13 7
13 52
13 1
13 58
13 54
13 9
13 32
13 35
13 40
13 38
13 16
13 22
13 21
13 46
13 17
13 31
13 33
13 24
13 36
13 3
13 26
13 10
13 61
13 28
13 4
13 34
13 45
13 47
13 50
13 53
13 23
27 37
27 15
27 7
27 52
27 1
27 58
27 54
27 9
27 42
27 18
27 39
27 35
27 40
27 38
27 20
27 16
27 22
27 29
27 21
27 46
27 17
27 31
27 33
27 24
27 36
27 3
27 26
27 14
27 10
27 61
27 5
27 28
27 4
27 34
27 2
27 45
27 6
27 47
27 50
27 53
27 30
27 23
37 15
37 7
37 52
37 1
37 58
37 54
37 9
37 42
37 32
37 18
37 40
37 20
37 16
37 22
37 29
37 46
37 17
37 31
37 33
37 24
37 36
37 3
37 14
37 48
37 61
37 28
37 34
37 6
37 47
37 50
37 53
37 30
37 23
15 12
15 7
15 52
15 58
15 54
15 9
15 42
15 32
15 18
15 39
15 35
15 38
15 20
15 16
15 22
15 29
15 21
15 46
15 17
15 33
15 36
15 3
15 14
15 10
15 28
15 4
15 34
15 2
15 45
15 6
15 47
15 50
15 30
15 23
12 7
12 52
12 1
12 58
12 54
12 9
12 42
12 32
12 18
12 39
12 40
12 38
12 20
12 16
12 22
12 21
12 46
12 17
12 31
12 24
12 36
12 3
12 26
12 14
12 10
12 48
12 61
12 5
12 28
12 4
12 34
12 2
12 45
12 6
12 50
12 53
12 30
12 23
7 52
7 58
7 54
7 42
7 32
7 39
7 35
7 40
7 20
7 16
7 22
7 29
7 21
7 46
7 31
7 33
7 24
7 3
7 26
7 14
7 10
7 61
7 5
7 28
7 4
7 34
7 2
7 45
7 6
7 47
7 50
7 53
7 30
7 23
52 1
52 54
52 9
52 42
52 18
52 39
52 35
52 40
52 38
52 16
52 22
52 29
52 21
52 17
52 33
52 24
52 36
52 3
52 26
52 14
52 10
52 48
52 61
52 5
52 28
52 4
52 34
52 2
52 45
52 47
52 50
52 53
52 23
1 58
1 54
1 9
1 32
1 18
1 39
1 35
1 40
1 38
1 20
1 16
1 22
1 29
1 46
1 17
1 31
1 33
1 24
1 36
1 26
1 14
1 10
1 48
1 61
1 5
1 28
1 4
1 34
1 2
1 45
1 23
58 54
58 9
58 42
58 32
58 39
58 35
58 40
58 38
58 20
58 16
58 22
58 21
58 46
58 17
58 31
58 33
58 24
58 36
58 3
58 26
58 14
58 10
58 48
58 61
58 5
58 4
58 34
58 2
58 45
58 6
58 50
58 53
58 30
54 9
54 42
54 32
54 39
54 35
54 40
54 22
54 29
54 21
54 46
54 17
54 31
54 33
54 24
54 36
54 3
54 48
54 61
54 5
54 28
54 4
54 34
54 45
54 6
54 47
54 50
54 53
54 23
9 42
9 32
9 18
9 35
9 40
9 38
9 20
9 16
9 22
9 21
9 17
9 31
9 24
9 14
9 10
9 48
9 61
9 5
9 28
9 4
9 34
9 45
9 6
9 47
9 50
9 53
9 23
42 32
42 18
42 39
42 40
42 38
42 16
42 22
42 21
42 46
42 17
42 33
42 24
42 36
42 3
42 26
42 14
42 10
42 48
42 61
42 5
42 28
42 4
42 2
42 6
42 47
42 50
42 53
42 30
42 23
32 18
32 40
32 38
32 20
32 16
32 22
32 29
32 21
32 17
32 33
32 36
32 3
32 26
32 14
32 10
32 48
32 61
32 5
32 4
32 34
32 2
32 6
32 47
32 50
32 30
32 23
18 39
18 35
18 40
18 38
18 20
18 22
18 29
18 21
18 46
18 17
18 24
18 36
18 3
18 10
18 48
18 61
18 4
18 34
18 2
18 47
18 50
18 53
18 30
18 23
39 35
39 40
39 38
39 20
39 16
39 21
39 46
39 17
39 33
39 24
39 36
39 3
39 14
39 10
39 48
39 61
39 5
39 28
39 4
39 34
39 2
39 45
39 6
39 53
39 30
39 23
35 40
35 38
35 20
35 22
35 29
35 21
35 46
35 17
35 31
35 33
35 24
35 36
35 26
35 14
35 10
35 48
35 61
35 5
35 28
35 4
35 34
35 2
35 45
35 47
35 50
35 53
35 30
35 23
40 38
40 20
40 22
40 29
40 21
40 46
40 17
40 31
40 33
40 24
40 36
40 3
40 26
40 14
40 5
40 28
40 2
40 50
40 53
40 30
38 16
38 22
38 29
38 21
38 46
38 17
38 31
38 24
38 3
38 26
38 14
38 10
38 61
38 5
38 28
38 4
38 34
38 2
38 45
38 47
38 50
38 53
38 30
38 23
20 16
20 29
20 21
20 46
20 17
20 31
20 3
20 26
20 14
20 10
20 61
20 28
20 4
20 34
20 2
20 6
20 23
16 22
16 29
16 21
16 46
16 17
16 24
16 36
16 3
16 26
16 61
16 28
16 4
16 34
16 2
16 45
16 47
16 30
22 29
22 21
22 46
22 17
22 31
22 33
22 36
22 3
22 26
22 14
22 10
22 48
22 61
22 5
22 28
22 4
22 34
22 2
22 45
22 6
22 53
22 30
22 23
29 21
29 46
29 17
29 31
29 33
29 24
29 26
29 10
29 48
29 61
29 5
29 28
29 4
29 34
29 2
29 45
29 6
29 47
29 50
29 53
29 30
29 23
21 46
21 17
21 31
21 24
21 36
21 3
21 14
21 48
21 61
21 4
21 34
21 2
21 45
21 6
21 50
21 53
21 23
46 17
46 31
46 3
46 26
46 10
46 48
46 61
46 28
46 4
46 34
46 2
46 45
46 6
46 47
46 53
46 23
17 31
17 33
17 24
17 36
17 3
17 26
17 14
17 48
17 61
17 5
17 28
17 34
17 2
17 45
17 6
17 47
17 50
17 30
17 23
31 33
31 24
31 36
31 3
31 26
31 14
31 48
31 61
31 5
31 28
31 4
31 34
31 2
31 45
31 6
31 50
31 53
31 30
31 23
33 24
33 36
33 26
33 14
33 10
33 48
33 5
33 28
33 4
33 34
33 2
33 45
33 6
33 47
33 50
33 53
33 23
24 36
24 3
24 26
24 14
24 10
24 48
24 5
24 28
24 4
24 34
24 2
24 6
24 47
24 50
24 53
24 23
36 3
36 26
36 14
36 10
36 48
36 61
36 28
36 34
36 6
36 47
36 50
36 53
36 30
3 14
3 48
3 61
3 5
3 45
3 47
3 50
3 53
3 30
3 23
26 14
26 48
26 5
26 28
26 4
26 34
26 2
26 45
26 6
26 47
26 50
26 53
26 23
14 10
14 48
14 61
14 5
14 28
14 4
14 34
14 2
14 6
14 47
14 53
14 23
10 28
10 34
10 2
10 6
10 47
10 50
10 30
10 23
48 61
48 28
48 34
48 45
48 6
48 47
48 50
48 53
48 30
48 23
61 5
61 28
61 4
61 34
61 45
61 50
61 53
61 30
61 23
5 28
5 4
5 34
5 2
5 45
5 6
5 47
5 50
5 53
5 30
5 23
28 4
28 34
28 2
28 45
28 47
28 30
4 34
4 2
4 45
4 6
4 50
4 53
4 30
4 23
34 2
34 45
34 6
34 50
34 30
34 23
2 6
2 47
2 50
2 53
2 30
2 23
45 6
45 47
45 50
45 53
45 30
45 23
6 50
6 30
6 23
47 53
47 30
47 23
50 53
50 30
53 23
30 23
23 60
