VERTICES = 209
EDGES = 1249
205 122
36 122
36 205
197 122
67 122
182 122
195 122
104 122
168 122
168 197
91 122
91 104
161 122
161 195
185 122
185 182
110 122
110 67
125 187
103 8
90 164
112 164
190 187
63 101
29 145
27 145
174 8
162 101
201 187
201 125
203 164
203 90
143 164
143 112
86 187
86 190
124 8
124 174
156 101
156 63
82 145
82 29
51 8
51 103
28 145
28 27
74 101
74 162
83 153
83 74
53 48
53 28
77 48
77 82
77 53
202 153
202 156
202 83
16 152
16 86
108 56
108 124
141 46
141 203
92 152
92 201
92 16
1 46
1 143
1 141
130 56
130 51
130 108
151 152
151 125
165 56
165 103
135 56
135 174
135 165
142 153
142 162
146 46
146 112
134 48
134 27
20 46
20 90
20 146
209 48
209 29
209 134
40 152
40 190
40 151
69 153
69 63
69 142
98 119
98 125
98 151
64 117
64 162
64 142
49 179
49 27
49 134
43 119
43 190
43 40
32 181
32 174
32 135
59 181
59 103
59 165
70 179
70 29
70 209
58 117
58 63
58 69
38 189
38 112
38 146
133 189
133 90
133 20
188 117
188 74
188 83
188 58
99 179
99 28
99 53
99 70
97 119
97 201
97 92
97 43
21 181
21 51
21 130
21 32
39 179
39 82
39 77
39 49
121 119
121 86
121 16
121 98
68 189
68 143
68 1
68 133
13 189
13 203
13 141
13 38
84 117
84 156
84 202
84 64
24 181
24 124
24 108
24 59
45 205
45 189
45 119
45 181
45 179
45 117
2 205
2 187
2 164
2 8
2 145
2 101
2 45
100 168
100 189
100 156
100 82
100 151
100 165
100 45
137 110
137 181
137 86
137 28
137 142
137 20
137 45
138 91
138 179
138 203
138 51
138 40
138 69
138 45
173 185
173 119
173 124
173 74
173 146
173 134
173 45
9 161
9 117
9 201
9 143
9 135
9 209
9 45
155 205
155 125
155 90
155 63
155 27
155 174
62 205
62 103
62 112
62 190
62 29
62 162
10 205
10 53
10 202
10 108
10 141
10 92
10 62
18 205
18 83
18 77
18 16
18 1
18 130
18 155
118 205
118 165
118 142
118 146
118 209
118 40
107 205
107 151
107 135
107 134
107 20
107 69
66 205
66 188
66 21
66 39
66 121
66 68
66 118
65 205
65 99
65 97
65 13
65 84
65 24
65 107
192 36
192 8
192 125
192 29
192 146
192 69
113 36
113 164
113 27
113 162
113 135
113 40
25 36
25 101
25 90
25 190
25 165
25 134
71 36
71 145
71 112
71 174
71 151
71 142
3 36
3 187
3 103
3 63
3 20
3 209
61 36
61 189
61 77
61 202
61 121
61 24
61 113
94 36
94 117
94 92
94 1
94 99
94 21
94 25
54 36
54 179
54 141
54 130
54 188
54 97
54 71
11 36
11 119
11 83
11 108
11 39
11 13
11 3
23 36
23 181
23 53
23 16
23 68
23 84
23 192
180 195
180 164
180 48
180 201
180 108
180 142
180 137
180 11
4 104
4 164
4 153
4 51
4 16
4 134
4 173
4 23
163 67
163 187
163 153
163 28
163 141
163 165
163 100
163 54
163 4
57 182
57 8
57 48
57 74
57 1
57 151
57 100
57 94
57 180
105 197
105 145
105 56
105 156
105 92
105 146
105 173
105 94
144 67
144 145
144 46
144 86
144 83
144 135
144 9
144 11
106 182
106 101
106 46
106 124
106 53
106 40
106 138
106 23
106 144
79 197
79 101
79 152
79 82
79 130
79 20
79 137
79 54
76 104
76 8
76 152
76 203
76 202
76 209
76 9
76 61
76 79
30 195
30 187
30 56
30 143
30 77
30 69
30 138
30 61
30 105
136 110
136 125
136 74
136 141
136 135
136 70
136 173
136 10
14 185
14 103
14 28
14 1
14 40
14 58
14 137
14 18
150 91
150 112
150 156
150 16
150 209
150 32
150 100
150 18
60 161
60 90
60 82
60 108
60 69
60 43
60 100
60 10
172 110
172 29
172 203
172 83
172 165
172 98
172 138
172 18
85 161
85 190
85 124
85 77
85 142
85 133
85 173
85 18
93 91
93 174
93 86
93 202
93 134
93 38
93 137
93 10
129 185
129 63
129 143
129 53
129 151
129 59
129 9
129 10
111 168
111 162
111 201
111 130
111 146
111 49
111 9
111 18
95 168
95 27
95 51
95 92
95 20
95 64
95 138
95 10
80 67
80 125
80 203
80 142
80 59
80 99
80 94
80 76
80 85
116 104
116 112
116 86
116 69
116 49
116 21
116 94
116 144
116 60
42 195
42 90
42 124
42 209
42 64
42 97
42 54
42 106
42 150
115 197
115 27
115 201
115 165
115 38
115 84
115 23
115 180
115 172
123 182
123 103
123 143
123 134
123 98
123 188
123 54
123 30
123 93
88 197
88 162
88 51
88 151
88 133
88 39
88 11
88 4
88 129
72 182
72 63
72 28
72 146
72 43
72 24
72 61
72 163
72 111
157 67
157 29
157 74
157 20
157 32
157 121
157 61
157 57
157 95
17 195
17 190
17 82
17 135
17 58
17 68
17 23
17 79
17 136
15 104
15 174
15 156
15 40
15 70
15 13
15 11
15 105
15 14
184 91
184 125
184 28
184 108
184 133
184 188
184 192
184 150
140 185
140 29
140 86
140 130
140 64
140 13
140 192
140 129
78 110
78 63
78 124
78 92
78 49
78 68
78 3
78 172
131 91
131 162
131 82
131 1
131 59
131 97
131 113
131 93
12 168
12 190
12 143
12 83
12 70
12 24
12 25
12 95
126 168
126 174
126 203
126 53
126 58
126 121
126 71
126 111
6 161
6 27
6 156
6 141
6 98
6 21
6 113
6 85
47 161
47 103
47 74
47 16
47 38
47 99
47 3
47 60
139 185
139 90
139 201
139 202
139 32
139 39
139 25
139 14
19 110
19 112
19 51
19 77
19 43
19 84
19 71
19 136
196 67
196 156
196 130
196 134
196 43
196 68
196 107
196 80
196 140
132 182
132 82
132 92
132 142
132 32
132 13
132 118
132 123
132 78
148 195
148 51
148 202
148 146
148 98
148 99
148 118
148 17
148 139
177 104
177 201
177 77
177 20
177 59
177 188
177 107
177 15
177 19
127 104
127 74
127 53
127 165
127 133
127 97
127 118
127 116
127 126
5 182
5 203
5 16
5 135
5 64
5 39
5 107
5 72
5 47
26 197
26 86
26 141
26 209
26 58
26 24
26 118
26 88
26 6
149 195
149 28
149 83
149 151
149 38
149 21
149 107
149 42
149 12
44 197
44 124
44 1
44 69
44 70
44 121
44 107
44 115
44 131
102 67
102 143
102 108
102 40
102 49
102 84
102 118
102 157
102 184
22 197
22 164
22 83
22 53
22 43
22 32
22 2
22 196
22 132
160 67
160 8
160 77
160 92
160 58
160 38
160 2
160 26
160 149
89 182
89 187
89 202
89 130
89 70
89 133
89 2
89 127
89 44
170 195
170 101
170 16
170 141
170 49
170 59
170 2
170 177
170 102
154 104
154 145
154 108
154 1
154 98
154 64
154 2
154 148
154 5
35 168
35 164
35 86
35 124
35 188
35 99
35 100
35 113
35 140
35 78
35 148
35 177
87 110
87 8
87 143
87 156
87 97
87 39
87 137
87 192
87 12
87 6
87 127
87 5
198 185
198 187
198 203
198 82
198 21
198 84
198 173
198 3
198 131
198 126
198 149
198 102
50 161
50 101
50 51
50 28
50 121
50 13
50 9
50 25
50 184
50 19
50 132
50 44
33 91
33 145
33 201
33 74
33 68
33 24
33 138
33 71
33 47
33 139
33 196
33 26
75 168
75 101
75 56
75 125
75 38
75 39
75 66
75 106
75 93
75 80
37 91
37 164
37 152
37 63
37 70
37 21
37 66
37 180
37 136
37 72
176 161
176 164
176 56
176 29
176 58
176 97
176 65
176 4
176 14
176 157
176 75
166 185
166 8
166 46
166 27
166 43
166 188
166 66
166 76
166 60
166 115
34 161
34 187
34 48
34 174
34 64
34 68
34 66
34 163
34 95
34 15
159 110
159 187
159 46
159 162
159 32
159 99
159 65
159 30
159 150
159 88
159 166
183 110
183 145
183 153
183 90
183 59
183 121
183 66
183 105
183 129
183 42
147 91
147 8
147 153
147 190
147 49
147 13
147 65
147 57
147 111
147 17
147 183
207 168
207 145
207 152
207 103
207 133
207 84
207 65
207 144
207 85
207 123
207 37
204 185
204 101
204 48
204 112
204 98
204 24
204 65
204 79
204 172
204 116
204 34
120 104
120 117
120 46
120 125
120 82
120 24
120 155
120 4
120 12
120 132
169 197
169 119
169 153
169 174
169 143
169 99
169 155
169 79
169 47
169 102
114 197
114 181
114 48
114 190
114 203
114 188
114 62
114 105
114 184
114 5
52 67
52 189
52 48
52 63
52 51
52 97
52 155
52 144
52 131
52 148
52 114
109 182
109 179
109 56
109 90
109 86
109 84
109 155
109 57
109 19
109 26
128 182
128 189
128 153
128 29
128 201
128 21
128 62
128 106
128 6
128 177
128 169
81 104
81 119
81 56
81 162
81 28
81 68
81 62
81 76
81 78
81 149
81 109
171 195
171 181
171 152
171 27
171 74
171 13
171 155
171 30
171 140
171 127
41 67
41 117
41 152
41 112
41 124
41 39
41 62
41 163
41 139
41 44
41 171
167 195
167 179
167 46
167 103
167 156
167 121
167 62
167 180
167 126
167 196
167 120
73 91
73 117
73 56
73 53
73 20
73 98
73 3
73 6
73 22
73 147
73 41
96 161
96 179
96 152
96 83
96 146
96 59
96 192
96 131
96 22
96 34
96 109
7 91
7 119
7 46
7 77
7 165
7 64
7 25
7 140
7 160
7 37
7 169
178 161
178 181
178 46
178 202
178 151
178 49
178 71
178 78
178 89
178 176
178 114
178 7
158 185
158 189
158 56
158 16
158 142
158 70
158 71
158 12
158 170
158 166
158 52
158 73
191 110
191 189
191 152
191 108
191 134
191 58
191 25
191 126
191 154
191 159
191 128
191 96
194 110
194 117
194 48
194 130
194 40
194 38
194 113
194 47
194 89
194 183
194 120
199 168
199 119
199 48
199 141
199 69
199 32
199 192
199 139
199 170
199 207
199 81
199 194
55 168
55 181
55 153
55 1
55 209
55 43
55 3
55 19
55 154
55 75
55 171
186 185
186 179
186 153
186 92
186 135
186 133
186 113
186 184
186 160
186 204
186 167
186 55
31 197
31 189
31 125
31 103
31 64
31 49
31 61
31 136
31 14
31 116
31 42
31 22
200 195
200 117
200 29
200 174
200 43
200 133
200 94
200 172
200 93
200 88
200 72
200 170
193 67
193 181
193 90
193 162
193 98
193 70
193 23
193 60
193 111
193 123
193 15
193 160
175 104
175 179
175 190
175 63
175 32
175 38
175 54
175 85
175 129
175 115
175 157
175 154
206 182
206 119
206 112
206 27
206 59
206 58
206 11
206 150
206 95
206 80
206 17
206 89
140 208
