VERTICES = 41
EDGES = 205
27 32
27 5
27 8
27 25
27 24
27 21
27 18
27 33
32 5
32 19
32 31
32 25
32 24
32 1
32 26
32 41
32 7
32 22
32 36
32 16
5 31
5 24
5 2
5 28
5 10
5 26
5 41
5 7
5 36
5 3
5 6
34 19
34 31
34 25
34 28
34 10
34 21
34 18
34 26
34 39
34 12
34 37
9 19
9 25
9 24
9 30
9 10
9 21
9 15
9 22
9 36
19 25
19 11
19 29
19 28
19 30
19 23
19 36
4 25
4 29
4 30
4 23
4 7
4 22
4 3
4 12
4 37
31 24
31 2
31 28
31 1
31 26
31 13
31 37
8 29
8 1
8 26
8 20
8 41
8 15
8 7
8 22
8 36
8 35
25 24
25 23
25 26
25 36
25 39
25 12
25 6
11 2
11 20
11 7
11 22
11 13
11 36
11 39
24 29
24 23
24 21
24 18
24 13
24 33
24 6
29 2
29 28
29 30
29 23
29 18
29 26
29 20
29 41
29 15
29 36
2 18
2 13
28 17
28 10
28 21
28 38
28 41
28 39
28 12
28 14
30 17
30 23
30 10
30 39
30 3
30 12
30 14
30 35
17 41
17 6
17 14
23 21
23 38
23 41
23 7
23 22
23 13
23 16
23 6
23 35
10 21
10 41
10 7
10 12
21 15
21 36
21 16
18 41
18 13
18 3
18 12
18 6
1 26
1 41
1 12
1 33
1 6
1 35
1 37
38 41
38 39
38 3
38 6
38 14
38 35
26 22
26 3
26 6
26 37
20 7
20 22
20 33
20 6
20 35
20 37
41 3
41 33
15 22
15 13
15 3
7 13
7 39
7 16
7 12
7 14
22 39
22 3
22 14
13 3
13 35
36 6
36 35
39 12
39 33
39 6
3 6
3 14
3 37
33 37
4 40
