VERTICES = 191
EDGES = 3888
68 189
68 187
182 173
68 177
68 56
68 181
68 44
68 50
173 188
68 172
68 191
68 139
68 167
68 127
68 150
68 2
68 69
68 87
68 147
68 89
68 58
68 115
68 88
68 108
68 81
68 100
68 79
68 77
68 80
68 142
68 24
68 186
68 74
68 78
68 144
68 4
68 160
68 153
68 106
68 14
68 107
68 85
68 76
68 48
68 55
68 63
68 15
68 120
68 141
68 96
68 154
68 21
68 28
68 112
68 185
68 135
68 124
68 90
68 62
68 131
68 60
68 179
68 16
68 111
68 8
68 52
68 92
68 6
68 157
68 47
68 161
68 67
68 174
68 49
68 103
68 54
68 53
68 27
68 126
68 1
68 95
68 98
68 116
68 113
68 145
68 42
68 140
68 182
68 184
68 83
68 158
68 148
68 166
68 132
68 72
68 163
68 20
68 133
68 70
68 151
68 155
68 149
68 25
68 137
68 121
68 94
68 35
68 37
68 143
68 33
68 109
68 162
68 134
68 170
68 97
68 34
68 122
68 46
68 39
68 36
68 10
68 110
68 29
68 32
68 7
68 75
68 22
68 114
68 93
68 23
68 159
68 71
68 105
68 66
68 86
68 165
68 118
68 125
68 64
68 101
68 40
68 169
68 119
68 102
68 104
68 9
68 176
68 5
68 183
68 38
68 45
68 138
68 26
68 175
68 152
68 11
68 130
68 164
189 187
189 177
189 56
189 181
189 44
189 50
189 172
189 191
189 139
189 167
189 127
189 150
189 2
189 69
189 87
189 147
189 89
189 58
189 115
189 88
189 108
189 81
189 100
189 79
189 77
189 80
189 142
189 24
189 186
189 74
189 78
189 144
189 4
189 160
189 153
189 106
189 14
189 107
189 85
189 76
189 48
189 55
189 63
189 15
189 120
189 141
189 96
189 154
189 21
189 28
189 112
189 185
189 135
189 124
189 90
189 62
189 131
189 60
189 179
189 16
189 111
189 8
189 52
189 92
189 6
189 157
189 47
189 161
189 67
189 174
189 49
189 103
189 54
189 53
189 27
189 126
189 1
189 95
189 98
189 116
189 113
189 145
189 42
189 140
189 182
189 184
189 83
189 158
189 148
189 166
189 132
189 72
189 163
189 20
189 133
189 70
189 151
189 155
189 149
189 25
189 137
189 121
189 94
189 35
189 37
189 143
189 33
189 109
189 162
189 134
189 170
189 97
189 34
189 122
189 46
189 39
189 36
189 10
189 110
189 29
189 32
189 7
189 75
189 22
189 114
189 93
189 23
189 159
189 71
189 105
189 66
189 86
189 165
189 118
189 125
189 64
189 101
189 40
189 169
189 119
189 102
189 104
189 9
189 176
189 5
189 183
189 38
189 45
189 138
189 26
189 175
189 152
189 11
189 130
189 164
187 177
187 56
187 181
187 44
187 50
187 172
187 191
187 139
187 167
187 127
187 150
187 2
187 69
187 87
187 147
187 89
187 58
187 115
187 88
187 108
187 81
187 100
187 79
187 77
187 80
187 142
187 24
187 186
187 74
187 78
187 144
187 4
187 160
187 153
187 106
187 14
187 107
187 85
187 76
187 48
187 55
187 63
187 15
187 120
187 141
187 96
187 154
187 21
187 28
187 112
187 185
187 135
187 124
187 90
187 62
187 131
187 60
187 179
187 16
187 111
187 8
187 52
187 92
187 6
187 157
187 47
187 161
187 49
187 103
187 54
187 53
187 27
187 126
187 1
187 95
187 98
187 116
187 113
187 145
187 42
187 140
177 56
177 181
177 44
177 50
177 172
177 191
177 139
177 167
177 127
177 150
177 2
177 69
177 87
177 147
177 89
177 58
177 115
177 88
177 108
177 81
177 100
177 79
177 77
177 80
177 142
177 24
177 186
177 74
177 78
177 144
177 4
177 160
177 153
177 106
177 14
177 107
177 85
177 76
177 48
177 55
177 63
177 15
177 120
177 141
177 96
177 154
177 21
177 28
177 112
177 185
177 135
177 124
177 90
177 62
177 131
177 60
177 179
177 16
177 111
177 8
177 52
177 92
177 6
177 157
177 47
177 161
56 181
56 44
56 50
56 172
56 191
56 139
56 167
56 127
56 150
56 2
56 69
56 87
56 147
56 89
56 58
56 115
56 88
56 108
56 81
56 100
56 79
56 77
56 80
56 142
56 24
56 186
56 74
56 78
56 144
56 4
56 160
56 153
56 106
56 14
56 107
56 85
56 76
56 48
56 55
56 63
56 15
56 120
56 141
56 96
56 154
56 21
56 28
56 112
56 185
56 135
56 124
56 90
56 62
56 131
56 60
56 179
56 16
56 111
56 8
56 52
56 92
56 6
56 157
56 47
56 161
56 140
56 163
181 44
181 50
181 172
181 191
181 139
181 167
181 127
181 150
181 2
181 69
181 87
181 147
181 89
181 58
181 115
181 88
181 108
181 81
181 100
181 79
181 77
181 80
181 142
181 24
181 186
181 74
181 78
181 144
181 4
181 160
181 153
181 106
181 14
181 107
181 85
181 76
181 48
181 55
181 63
181 15
181 120
181 141
181 96
181 154
181 21
181 28
181 112
181 185
181 135
181 124
181 90
181 62
181 131
181 60
181 179
181 16
181 111
181 8
181 52
181 92
181 6
181 157
181 47
181 161
181 42
181 140
181 20
181 163
44 50
44 172
44 191
44 139
44 167
44 127
44 150
44 2
44 69
44 87
44 147
44 89
44 58
44 115
44 88
44 108
44 81
44 100
44 79
44 77
44 80
44 142
44 24
44 186
44 74
44 78
44 144
44 4
44 160
44 153
44 106
44 14
44 107
44 85
44 76
44 48
44 55
44 63
44 15
44 120
44 141
44 96
44 154
44 21
44 28
44 112
44 185
44 135
44 124
44 90
44 62
44 131
44 60
44 179
44 16
44 111
44 8
44 52
44 92
44 6
44 157
44 47
44 161
44 145
44 42
44 140
44 133
44 20
44 163
50 172
50 191
50 139
50 167
50 127
50 150
50 2
50 69
50 87
50 147
50 89
50 58
50 115
50 88
50 108
50 81
50 100
50 79
50 77
50 80
50 142
50 24
50 186
50 74
50 78
50 144
50 4
50 160
50 153
50 106
50 14
50 107
50 85
50 76
50 48
50 55
50 63
50 15
50 120
50 141
50 96
50 154
50 21
50 28
50 112
50 185
50 135
50 124
50 90
50 62
50 131
50 60
50 179
50 16
50 111
50 8
50 52
50 92
50 6
50 157
50 47
50 161
50 113
50 145
50 42
50 140
50 70
50 133
50 20
50 163
172 191
172 139
172 167
172 127
172 150
172 2
172 69
172 87
172 147
172 89
172 58
172 115
172 88
172 108
172 81
172 100
172 79
172 77
172 80
172 142
172 24
172 186
172 74
172 78
172 144
172 4
172 160
172 153
172 106
172 14
172 107
172 85
172 76
172 48
172 55
172 63
172 15
172 120
172 141
172 96
172 154
172 21
172 28
172 112
172 185
172 135
172 124
172 90
172 62
172 131
172 60
172 179
172 16
172 111
172 8
172 52
172 92
172 6
172 157
172 47
172 161
172 116
172 113
172 145
172 42
172 140
172 151
172 70
172 133
172 20
172 163
191 139
191 167
191 127
191 150
191 2
191 69
191 87
191 147
191 89
191 58
191 115
191 88
191 108
191 81
191 100
191 79
191 77
191 80
191 142
191 24
191 186
191 74
191 78
191 144
191 4
191 160
191 153
191 106
191 14
191 107
191 85
191 76
191 48
191 55
191 63
191 15
191 120
191 141
191 96
191 154
191 21
191 28
191 112
191 185
191 135
191 124
191 90
191 62
191 131
191 60
191 179
191 16
191 111
191 8
191 52
191 92
191 6
191 157
191 47
191 161
191 98
191 116
191 113
191 145
191 42
191 140
191 155
191 151
191 70
191 133
191 20
191 163
139 167
139 127
139 150
139 2
139 69
139 87
139 147
139 89
139 58
139 115
139 88
139 108
139 81
139 100
139 79
139 77
139 80
139 142
139 24
139 186
139 74
139 78
139 144
139 4
139 160
139 153
139 106
139 14
139 107
139 85
139 76
139 48
139 55
139 63
139 15
139 120
139 141
139 96
139 154
139 21
139 28
139 112
139 185
139 135
139 124
139 90
139 62
139 131
139 60
139 179
139 16
139 111
139 8
139 52
139 92
139 6
139 157
139 47
139 161
139 1
139 95
139 98
139 116
139 113
139 145
139 42
139 140
167 127
167 150
167 2
167 69
167 87
167 147
167 89
167 58
167 115
167 88
167 108
167 81
167 100
167 79
167 77
167 80
167 142
167 24
167 186
167 74
167 78
167 144
167 4
167 160
167 153
167 106
167 14
167 107
167 85
167 76
167 48
167 55
167 63
167 15
167 120
167 141
167 96
167 154
167 21
167 28
167 112
167 185
167 135
167 124
167 90
167 62
167 131
167 60
167 179
167 16
167 111
167 8
167 52
167 92
167 6
167 157
167 47
167 161
167 27
167 126
167 1
167 95
167 98
167 116
167 113
167 145
167 42
167 140
127 150
127 2
127 69
127 87
127 147
127 89
127 58
127 115
127 88
127 108
127 81
127 100
127 79
127 77
127 80
127 142
127 24
127 186
127 74
127 78
127 144
127 4
127 160
127 153
127 106
127 14
127 107
127 85
127 76
127 48
127 55
127 63
127 15
127 120
127 141
127 96
127 154
127 21
127 28
127 112
127 185
127 135
127 124
127 90
127 62
127 131
127 60
127 179
127 16
127 111
127 8
127 52
127 92
127 6
127 157
127 47
127 161
127 54
127 53
127 27
127 126
127 1
127 95
127 98
127 116
127 113
127 145
127 42
127 140
150 2
150 69
150 87
150 147
150 89
150 58
150 115
150 88
150 108
150 81
150 100
150 79
150 77
150 80
150 142
150 24
150 186
150 74
150 78
150 144
150 4
150 160
150 153
150 106
150 14
150 107
150 85
150 76
150 48
150 55
150 63
150 15
150 120
150 141
150 96
150 154
150 21
150 28
150 112
150 185
150 135
150 124
150 90
150 62
150 131
150 60
150 179
150 16
150 111
150 8
150 52
150 92
150 6
150 157
150 47
150 161
150 103
150 54
150 53
150 27
150 126
150 1
150 95
150 98
150 116
150 113
150 145
150 42
150 140
2 69
2 87
2 147
2 89
2 58
2 115
2 88
2 108
2 81
2 100
2 79
2 77
2 80
2 142
2 24
2 186
2 74
2 78
2 144
2 4
2 160
2 153
2 106
2 14
2 107
2 85
2 76
2 48
2 55
2 63
2 15
2 120
2 141
2 96
2 154
2 21
2 28
2 112
2 185
2 135
2 124
2 90
2 62
2 131
2 60
2 179
2 16
2 111
2 8
2 52
2 92
2 6
2 157
2 47
2 161
69 87
69 147
69 89
69 58
69 115
69 88
69 108
69 81
69 100
69 79
69 77
69 80
69 142
69 24
69 186
69 74
69 78
69 144
69 4
69 160
69 153
69 106
69 14
69 107
69 85
69 76
69 48
69 55
69 63
69 15
69 120
69 141
69 96
69 154
69 21
69 28
69 112
69 185
69 135
69 124
69 90
69 62
69 131
69 60
69 179
69 16
69 111
69 8
69 52
69 92
69 6
69 157
69 47
69 161
69 95
69 98
69 116
69 113
69 145
69 42
69 140
69 155
69 151
69 70
69 133
69 20
69 163
69 149
41 168
41 178
41 146
41 91
41 31
41 136
41 61
41 156
41 30
41 43
41 13
41 84
41 12
41 17
41 59
41 5
41 125
41 169
41 83
41 140
41 42
41 145
41 113
41 116
41 98
41 95
41 1
41 126
41 27
41 53
41 54
41 103
41 49
41 174
41 67
41 86
41 66
41 105
41 71
41 159
41 23
41 93
41 114
41 22
41 75
41 7
41 32
41 29
41 110
41 10
41 36
41 39
41 46
41 122
41 34
41 97
41 170
41 134
41 162
41 109
41 33
41 143
41 37
41 118
41 165
41 40
41 101
41 176
41 9
41 104
41 102
41 130
41 11
41 152
41 175
41 164
41 26
41 138
41 45
41 38
41 183
41 119
41 64
41 35
41 94
41 121
41 137
41 25
41 149
41 155
41 151
41 70
41 133
41 20
41 163
41 132
41 166
41 148
41 158
41 72
41 184
41 182
41 74
41 186
41 24
41 142
41 80
41 77
41 79
41 100
41 81
41 108
41 88
41 115
41 58
41 89
41 147
41 161
41 47
41 157
41 6
41 92
41 78
41 87
41 85
41 107
41 14
41 106
41 153
41 160
41 4
41 144
41 52
41 8
41 111
41 16
41 179
41 48
41 76
41 60
41 131
41 62
41 90
41 124
41 135
41 185
41 15
41 63
41 55
41 112
41 28
41 21
41 154
41 96
41 141
41 120
168 178
168 146
168 91
168 31
168 136
168 61
168 156
168 30
168 43
168 13
168 84
168 12
168 17
168 59
168 5
168 125
168 169
168 83
168 140
168 42
168 145
168 113
168 116
168 98
168 95
168 1
168 126
168 27
168 53
168 54
168 103
168 49
168 174
168 67
168 86
168 66
168 105
168 71
168 159
168 23
168 93
168 114
168 22
168 75
168 7
168 32
168 29
168 110
168 10
168 36
168 39
168 46
168 122
168 34
168 97
168 170
168 134
168 162
168 109
168 33
168 143
168 37
168 118
168 165
168 40
168 101
168 176
168 9
168 104
168 102
168 130
168 11
168 152
168 175
168 164
168 26
168 138
168 45
168 38
168 183
168 119
168 64
168 35
168 94
168 121
168 137
168 25
168 149
168 155
168 151
168 70
168 133
168 20
168 163
168 132
168 166
168 148
168 158
168 72
168 184
168 182
178 146
178 91
178 31
178 136
178 61
178 156
178 30
178 43
178 13
178 84
178 12
178 17
178 59
178 5
178 125
178 169
178 83
178 140
178 42
178 145
178 113
178 116
178 98
178 95
178 1
178 126
178 27
178 53
178 54
178 103
178 49
178 174
178 67
178 86
178 66
178 105
178 71
178 159
178 23
178 93
178 114
178 22
178 75
178 7
178 32
178 29
178 110
178 10
178 36
178 39
178 46
178 122
178 34
178 97
178 170
178 134
178 162
178 109
178 33
178 143
178 37
178 118
178 165
178 40
178 101
178 176
178 9
178 104
178 102
178 130
178 11
178 152
178 175
178 164
178 26
178 138
178 45
178 38
178 183
178 119
178 64
178 35
178 94
178 121
178 137
178 25
178 149
178 155
178 151
178 70
178 133
178 20
178 163
178 132
178 166
178 148
178 158
178 72
178 184
178 182
178 147
178 92
146 91
146 31
146 136
146 61
146 156
146 30
146 43
146 13
146 84
146 12
146 17
146 59
146 5
146 125
146 169
146 83
146 140
146 42
146 145
146 113
146 116
146 98
146 95
146 1
146 126
146 27
146 53
146 54
146 103
146 49
146 174
146 67
146 86
146 66
146 105
146 71
146 159
146 23
146 93
146 114
146 22
146 75
146 7
146 32
146 29
146 110
146 10
146 36
146 39
146 46
146 122
146 34
146 97
146 170
146 134
146 162
146 109
146 33
146 143
146 37
146 118
146 165
146 40
146 101
146 176
146 9
146 104
146 102
146 130
146 11
146 152
146 175
146 164
146 26
146 138
146 45
146 38
146 183
146 119
146 64
146 35
146 94
146 121
146 137
146 25
146 149
146 155
146 151
146 70
146 133
146 20
146 163
146 132
146 166
146 148
146 158
146 72
146 184
146 182
146 89
146 147
146 6
146 92
91 31
91 136
91 61
91 156
91 30
91 43
91 13
91 84
91 12
91 17
91 59
91 5
91 125
91 169
91 83
91 140
91 42
91 145
91 113
91 116
91 98
91 95
91 1
91 126
91 27
91 53
91 54
91 103
91 49
91 174
91 67
91 86
91 66
91 105
91 71
91 159
91 23
91 93
91 114
91 22
91 75
91 7
91 32
91 29
91 110
91 10
91 36
91 39
91 46
91 122
91 34
91 97
91 170
91 134
91 162
91 109
91 33
91 143
91 37
91 118
91 165
91 40
91 101
91 176
91 9
91 104
91 102
91 130
91 11
91 152
91 175
91 164
91 26
91 138
91 45
91 38
91 183
91 119
91 64
91 35
91 94
91 121
91 137
91 25
91 149
91 155
91 151
91 70
91 133
91 20
91 163
91 132
91 166
91 148
91 158
91 72
91 184
91 182
91 58
91 89
91 147
91 157
91 6
91 92
31 136
31 61
31 156
31 30
31 43
31 13
31 84
31 12
31 17
31 59
31 5
31 125
31 169
31 83
31 140
31 42
31 145
31 113
31 116
31 98
31 95
31 1
31 126
31 27
31 53
31 54
31 103
31 49
31 174
31 67
31 86
31 66
31 105
31 71
31 159
31 23
31 93
31 114
31 22
31 75
31 7
31 32
31 29
31 110
31 10
31 36
31 39
31 46
31 122
31 34
31 97
31 170
31 134
31 162
31 109
31 33
31 143
31 37
31 118
31 165
31 40
31 101
31 176
31 9
31 104
31 102
31 130
31 11
31 152
31 175
31 164
31 26
31 138
31 45
31 38
31 183
31 119
31 64
31 35
31 94
31 121
31 137
31 25
31 149
31 155
31 151
31 70
31 133
31 20
31 163
31 132
31 166
31 148
31 158
31 72
31 184
31 182
31 115
31 58
31 89
31 147
31 157
31 6
31 92
136 61
136 156
136 30
136 43
136 13
136 84
136 12
136 17
136 59
136 5
136 125
136 169
136 83
136 140
136 42
136 145
136 113
136 116
136 98
136 95
136 1
136 126
136 27
136 53
136 54
136 103
136 49
136 174
136 67
136 86
136 66
136 105
136 71
136 159
136 23
136 93
136 114
136 22
136 75
136 7
136 32
136 29
136 110
136 10
136 36
136 39
136 46
136 122
136 34
136 97
136 170
136 134
136 162
136 109
136 33
136 143
136 37
136 118
136 165
136 40
136 101
136 176
136 9
136 104
136 102
136 130
136 11
136 152
136 175
136 164
136 26
136 138
136 45
136 38
136 183
136 119
136 64
136 35
136 94
136 121
136 137
136 25
136 149
136 155
136 151
136 70
136 133
136 20
136 163
136 132
136 166
136 148
136 158
136 72
136 184
136 182
136 88
136 115
136 58
136 89
136 147
136 157
136 6
136 92
61 156
61 30
61 43
61 13
61 84
61 12
61 17
61 59
61 5
61 125
61 169
61 83
61 140
61 42
61 145
61 113
61 116
61 98
61 95
61 1
61 126
61 27
61 53
61 54
61 103
61 49
61 174
61 67
61 86
61 66
61 105
61 71
61 159
61 23
61 93
61 114
61 22
61 75
61 7
61 32
61 29
61 110
61 10
61 36
61 39
61 46
61 122
61 34
61 97
61 170
61 134
61 162
61 109
61 33
61 143
61 37
61 118
61 165
61 40
61 101
61 176
61 9
61 104
61 102
61 130
61 11
61 152
61 175
61 164
61 26
61 138
61 45
61 38
61 183
61 119
61 64
61 35
61 94
61 121
61 137
61 25
61 149
61 155
61 151
61 70
61 133
61 20
61 163
61 132
61 166
61 148
61 158
61 72
61 184
61 182
61 108
61 88
61 115
61 58
61 89
61 147
61 157
61 6
61 92
156 30
156 43
156 13
156 84
156 12
156 17
156 59
156 5
156 125
156 169
156 83
156 140
156 42
156 145
156 113
156 116
156 98
156 95
156 1
156 126
156 27
156 53
156 54
156 103
156 49
156 174
156 67
156 86
156 66
156 105
156 71
156 159
156 23
156 93
156 114
156 22
156 75
156 7
156 32
156 29
156 110
156 10
156 36
156 39
156 46
156 122
156 34
156 97
156 170
156 134
156 162
156 109
156 33
156 143
156 37
156 118
156 165
156 40
156 101
156 176
156 9
156 104
156 102
156 130
156 11
156 152
156 175
156 164
156 26
156 138
156 45
156 38
156 183
156 119
156 64
156 35
156 94
156 121
156 137
156 25
156 149
156 155
156 151
156 70
156 133
156 20
156 163
156 132
156 166
156 148
156 158
156 72
156 184
156 182
156 81
156 108
156 88
156 115
156 58
156 89
156 147
156 157
156 6
156 92
30 43
30 13
30 84
30 12
30 17
30 59
30 5
30 125
30 169
30 83
30 140
30 42
30 145
30 113
30 116
30 98
30 95
30 1
30 126
30 27
30 53
30 54
30 103
30 49
30 174
30 67
30 86
30 66
30 105
30 71
30 159
30 23
30 93
30 114
30 22
30 75
30 7
30 32
30 29
30 110
30 10
30 36
30 39
30 46
30 122
30 34
30 97
30 170
30 134
30 162
30 109
30 33
30 143
30 37
30 118
30 165
30 40
30 101
30 176
30 9
30 104
30 102
30 130
30 11
30 152
30 175
30 164
30 26
30 138
30 45
30 38
30 183
30 119
30 64
30 35
30 94
30 121
30 137
30 25
30 149
30 155
30 151
30 70
30 133
30 20
30 163
30 132
30 166
30 148
30 158
30 72
30 184
30 182
30 100
30 81
30 108
30 88
30 115
30 58
30 89
30 147
30 157
30 6
30 92
43 13
43 84
43 12
43 17
43 59
43 5
43 125
43 169
43 83
43 140
43 42
43 145
43 113
43 116
43 98
43 95
43 1
43 126
43 27
43 53
43 54
43 103
43 49
43 174
43 67
43 86
43 66
43 105
43 71
43 159
43 23
43 93
43 114
43 22
43 75
43 7
43 32
43 29
43 110
43 10
43 36
43 39
43 46
43 122
43 34
43 97
43 170
43 134
43 162
43 109
43 33
43 143
43 37
43 118
43 165
43 40
43 101
43 176
43 9
43 104
43 102
43 130
43 11
43 152
43 175
43 164
43 26
43 138
43 45
43 38
43 183
43 119
43 64
43 35
43 94
43 121
43 137
43 25
43 149
43 155
43 151
43 70
43 133
43 20
43 163
43 132
43 166
43 148
43 158
43 72
43 184
43 182
13 84
13 12
13 17
13 59
13 5
13 125
13 169
13 83
13 140
13 42
13 145
13 113
13 116
13 98
13 95
13 1
13 126
13 27
13 53
13 54
13 103
13 49
13 174
13 67
13 86
13 66
13 105
13 71
13 159
13 23
13 93
13 114
13 22
13 75
13 7
13 32
13 29
13 110
13 10
13 36
13 39
13 46
13 122
13 34
13 97
13 170
13 134
13 162
13 109
13 33
13 143
13 37
13 118
13 165
13 40
13 101
13 176
13 9
13 104
13 102
13 130
13 11
13 152
13 175
13 164
13 26
13 138
13 45
13 38
13 183
13 119
13 64
13 35
13 94
13 121
13 137
13 25
13 149
13 155
13 151
13 70
13 133
13 20
13 163
13 132
13 166
13 148
13 158
13 72
13 184
13 182
84 12
84 17
84 59
84 5
84 125
84 169
84 83
84 140
84 42
84 145
84 113
84 116
84 98
84 95
84 1
84 126
84 27
84 53
84 54
84 103
84 49
84 174
84 67
84 86
84 66
84 105
84 71
84 159
84 23
84 93
84 114
84 22
84 75
84 7
84 32
84 29
84 110
84 10
84 36
84 39
84 46
84 122
84 34
84 97
84 170
84 134
84 162
84 109
84 33
84 143
84 37
84 118
84 165
84 40
84 101
84 176
84 9
84 104
84 102
84 130
84 11
84 152
84 175
84 164
84 26
84 138
84 45
84 38
84 183
84 119
84 64
84 35
84 94
84 121
84 137
84 25
84 149
84 155
84 151
84 70
84 133
84 20
84 163
84 132
84 166
84 148
84 158
84 72
84 184
84 182
12 17
12 59
12 5
12 125
12 169
12 83
12 140
12 42
12 145
12 113
12 116
12 98
12 95
12 1
12 126
12 27
12 53
12 54
12 103
12 49
12 174
12 67
12 86
12 66
12 105
12 71
12 159
12 23
12 93
12 114
12 22
12 75
12 7
12 32
12 29
12 110
12 10
12 36
12 39
12 46
12 122
12 34
12 97
12 170
12 134
12 162
12 109
12 33
12 143
12 37
12 118
12 165
12 40
12 101
12 176
12 9
12 104
12 102
12 130
12 11
12 152
12 175
12 164
12 26
12 138
12 45
12 38
12 183
12 119
12 64
12 35
12 94
12 121
12 137
12 25
12 149
12 155
12 151
12 70
12 133
12 20
12 163
12 132
12 166
12 148
12 158
12 72
12 184
12 182
17 59
17 5
17 125
17 169
17 83
17 140
17 42
17 145
17 113
17 116
17 98
17 95
17 1
17 126
17 27
17 53
17 54
17 103
17 49
17 174
17 67
17 86
17 66
17 105
17 71
17 159
17 23
17 93
17 114
17 22
17 75
17 7
17 32
17 29
17 110
17 10
17 36
17 39
17 46
17 122
17 34
17 97
17 170
17 134
17 162
17 109
17 33
17 143
17 37
17 118
17 165
17 40
17 101
17 176
17 9
17 104
17 102
17 130
17 11
17 152
17 175
17 164
17 26
17 138
17 45
17 38
17 183
17 119
17 64
17 35
17 94
17 121
17 137
17 25
17 149
17 155
17 151
17 70
17 133
17 20
17 163
17 132
17 166
17 148
17 158
17 72
17 184
17 182
59 5
59 125
59 169
59 83
59 140
59 42
59 145
59 113
59 116
59 98
59 95
59 1
59 126
59 27
59 53
59 54
59 103
59 49
59 174
59 67
59 86
59 66
59 105
59 71
59 159
59 23
59 93
59 114
59 22
59 75
59 7
59 32
59 29
59 110
59 10
59 36
59 39
59 46
59 122
59 34
59 97
59 170
59 134
59 162
59 109
59 33
59 143
59 37
59 118
59 165
59 40
59 101
59 176
59 9
59 104
59 102
59 130
59 11
59 152
59 175
59 164
59 26
59 138
59 45
59 38
59 183
59 119
59 64
59 35
59 94
59 121
59 137
59 25
59 149
59 155
59 151
59 70
59 133
59 20
59 163
59 132
59 166
59 148
59 158
59 72
59 184
59 182
87 85
87 78
87 74
87 186
87 24
87 80
87 77
87 79
87 100
87 81
87 108
87 88
87 115
87 76
5 143
5 33
5 162
5 134
5 97
5 34
5 39
5 36
5 110
5 66
5 49
5 183
5 38
5 45
5 138
5 26
125 143
125 33
125 162
125 134
125 97
125 34
125 39
125 36
125 110
125 66
125 49
125 64
169 143
169 33
169 162
169 134
169 97
169 34
169 39
169 36
169 110
169 66
169 49
169 119
83 158
83 148
83 72
115 74
115 186
115 24
115 142
115 80
115 77
115 79
115 100
115 81
115 108
115 88
115 161
115 47
115 157
115 6
115 92
115 78
115 85
115 107
115 14
115 106
115 153
115 160
115 4
115 144
115 52
115 8
115 111
115 16
115 179
115 48
115 76
115 60
115 131
115 62
115 90
115 124
115 135
115 185
115 15
115 63
115 55
115 112
115 28
115 21
115 154
115 96
115 141
115 120
88 74
88 186
88 24
88 142
88 80
88 77
88 79
88 100
88 81
88 108
88 161
88 47
88 157
88 6
88 92
88 78
88 85
88 107
88 14
88 106
88 153
88 160
88 4
88 144
88 52
88 8
88 111
88 16
88 179
88 48
88 76
88 60
88 131
88 62
88 90
88 124
88 135
88 185
88 15
88 63
88 55
88 112
88 28
88 21
88 154
88 96
88 141
88 120
108 74
108 186
108 24
108 142
108 80
108 77
108 79
108 100
108 81
108 161
108 47
108 157
108 6
108 92
108 78
108 85
108 107
108 14
108 106
108 153
108 160
108 4
108 144
108 52
108 8
108 111
108 16
108 179
108 48
108 76
108 60
108 131
108 62
108 90
108 124
108 135
108 185
108 15
108 63
108 55
108 112
108 28
108 21
108 154
108 96
108 141
108 120
81 74
81 186
81 24
81 142
81 80
81 77
81 79
81 100
81 161
81 47
81 157
81 6
81 92
81 78
81 85
81 107
81 14
81 106
81 153
81 160
81 4
81 144
81 52
81 8
81 111
81 16
81 179
81 48
81 76
81 60
81 131
81 62
81 90
81 124
81 135
81 185
81 15
81 63
81 55
81 112
81 28
81 21
81 154
81 96
81 141
81 120
100 74
100 186
100 24
100 142
100 80
100 77
100 79
100 161
100 47
100 157
100 6
100 92
100 78
100 85
100 107
100 14
100 106
100 153
100 160
100 4
100 144
100 52
100 8
100 111
100 16
100 179
100 48
100 76
100 60
100 131
100 62
100 90
100 124
100 135
100 185
100 15
100 63
100 55
100 112
100 28
100 21
100 154
100 96
100 141
100 120
79 74
79 186
79 24
79 142
79 80
79 77
79 161
79 47
79 157
79 6
79 92
79 78
79 85
79 107
79 14
79 106
79 153
79 160
79 4
79 144
79 52
79 8
79 111
79 16
79 179
79 48
79 76
79 60
79 131
79 62
79 90
79 124
79 135
79 185
79 15
79 63
79 55
79 112
79 28
79 21
79 154
79 96
79 141
79 120
49 67
49 174
49 37
49 143
49 33
49 109
49 162
49 134
49 170
49 97
49 34
49 122
49 46
49 39
49 36
49 10
49 110
49 29
49 32
49 7
49 75
49 22
49 114
49 93
49 23
49 159
49 71
49 105
49 66
49 86
49 165
49 118
49 64
49 101
49 40
49 119
49 102
49 104
49 9
49 176
49 183
49 38
49 45
49 138
49 26
49 175
49 152
49 11
49 130
77 74
77 186
77 24
77 142
77 80
77 78
77 85
77 107
77 14
77 106
77 153
77 160
77 4
77 144
77 52
77 8
77 111
77 16
77 179
77 48
77 76
77 60
77 131
77 62
77 90
77 124
77 135
77 185
77 15
77 63
77 55
77 112
77 28
77 21
77 154
77 96
77 141
77 120
80 74
80 186
80 24
80 142
80 78
80 85
80 107
80 14
80 106
80 153
80 160
80 4
80 144
80 52
80 8
80 111
80 16
80 179
80 48
80 76
80 60
80 131
80 62
80 90
80 124
80 135
80 185
80 15
80 63
80 55
80 112
80 28
80 21
80 154
80 96
80 141
80 120
24 74
24 186
24 78
24 85
24 107
24 14
24 106
24 153
24 160
24 4
24 144
24 52
24 8
24 111
24 16
24 179
24 48
24 76
24 60
24 131
24 62
24 90
24 124
24 135
24 185
24 15
24 63
24 55
24 112
24 28
24 21
24 154
24 96
24 141
24 120
186 74
186 78
186 85
186 107
186 14
186 106
186 153
186 160
186 4
186 144
186 52
186 8
186 111
186 16
186 179
186 48
186 76
186 60
186 131
186 62
186 90
186 124
186 135
186 185
186 15
186 63
186 55
186 112
186 28
186 21
186 154
186 96
186 141
186 120
74 78
74 85
74 107
74 14
74 106
74 153
74 160
74 4
74 144
74 52
74 8
74 111
74 16
74 179
74 48
74 76
74 60
74 131
74 62
74 90
74 124
74 135
74 185
74 15
74 63
74 55
74 112
74 28
74 21
74 154
74 96
74 141
74 120
86 159
86 71
86 105
86 66
78 85
78 107
78 14
78 106
78 153
78 160
78 4
78 144
78 52
78 8
78 111
78 16
78 179
78 48
78 76
78 60
78 131
78 62
78 90
78 124
78 135
78 185
78 15
78 63
78 55
78 112
78 28
78 21
78 154
78 96
78 141
78 120
66 37
66 143
66 33
66 109
66 162
66 134
66 170
66 97
66 34
66 122
66 46
66 39
66 36
66 10
66 110
66 29
66 32
66 7
66 75
66 22
66 114
66 93
66 23
66 159
66 71
66 105
66 165
66 118
66 64
66 101
66 40
66 119
66 102
66 104
66 9
66 176
66 183
66 38
66 45
66 138
66 26
66 175
66 152
66 11
66 130
71 159
114 32
114 7
114 75
114 22
22 110
22 29
22 32
22 7
22 75
75 10
75 110
75 29
75 32
75 7
7 36
7 10
7 110
7 29
7 32
32 46
32 39
32 36
32 10
32 110
32 29
29 34
29 122
29 46
29 39
29 36
29 10
29 110
110 37
110 143
110 33
110 109
110 162
110 134
110 170
110 97
110 34
110 122
110 46
110 39
110 36
110 10
110 165
110 118
110 64
110 101
110 40
110 119
110 102
110 104
110 9
110 176
110 183
110 38
110 45
110 138
110 26
110 175
110 152
110 11
110 130
10 39
10 36
36 37
36 143
36 33
36 109
36 162
36 134
36 170
36 97
36 34
36 122
36 46
36 39
36 165
36 118
36 64
36 101
36 40
36 119
36 102
36 104
36 9
36 176
36 183
36 38
36 45
36 138
36 26
36 175
36 152
36 11
36 130
39 37
39 143
39 33
39 109
39 162
39 134
39 170
39 97
39 34
39 122
39 46
39 165
39 118
39 64
39 101
39 40
39 119
39 102
39 104
39 9
39 176
39 183
39 38
39 45
39 138
39 26
39 175
39 152
39 11
39 130
46 134
46 170
46 97
46 34
46 122
122 33
122 109
122 162
122 134
122 170
122 97
122 34
34 37
34 143
34 33
34 109
34 162
34 134
34 170
34 97
34 165
34 118
34 64
34 101
34 40
34 119
34 102
34 104
34 9
34 176
34 183
34 38
34 45
34 138
34 26
34 175
34 152
34 11
34 130
97 37
97 143
97 33
97 109
97 162
97 134
97 170
97 165
97 118
97 64
97 101
97 40
97 119
97 102
97 104
97 9
97 176
97 183
97 38
97 45
97 138
97 26
97 175
97 152
97 11
97 130
134 37
134 143
134 33
134 109
134 162
134 165
134 118
134 64
134 101
134 40
134 119
134 102
134 104
134 9
134 176
134 183
134 38
134 45
134 138
134 26
134 175
134 152
134 11
134 130
162 37
162 143
162 33
162 109
162 165
162 118
162 64
162 101
162 40
162 119
162 102
162 104
162 9
162 176
162 183
162 38
162 45
162 138
162 26
162 175
162 152
162 11
162 130
33 37
33 143
33 165
33 118
33 64
33 101
33 40
33 119
33 102
33 104
33 9
33 176
33 183
33 38
33 45
33 138
33 26
33 175
33 152
33 11
33 130
143 37
143 165
143 118
143 64
143 101
143 40
143 119
143 102
143 104
143 9
143 176
143 183
143 38
143 45
143 138
143 26
143 175
143 152
143 11
143 130
118 165
85 52
85 8
85 111
85 16
85 179
40 101
176 102
176 104
176 9
9 102
9 104
104 102
55 63
11 152
26 38
26 45
26 138
120 154
120 96
120 141
141 96
21 28
185 90
185 124
185 135
135 124
62 131
35 94
92 157
92 6
6 157
121 137
25 163
25 20
25 133
25 70
25 151
25 155
25 149
149 163
149 20
149 133
149 70
149 151
149 155
155 163
155 20
155 133
155 70
155 151
151 163
151 20
151 133
151 70
70 163
70 20
70 133
133 163
133 20
20 163
132 166
166 148
148 158
148 72
158 72
48 190
