VERTICES = 69
EDGES = 409
67 45
47 45
9 45
48 45
50 45
65 45
29 45
29 48
4 45
4 50
11 45
11 65
43 45
43 47
57 45
57 9
54 45
54 67
52 8
6 21
6 52
18 53
15 53
56 8
56 15
7 21
7 18
13 8
13 53
13 52
13 18
20 21
20 53
20 6
20 15
34 8
34 21
34 56
34 7
25 52
25 6
31 18
31 7
31 25
40 15
40 56
40 25
40 31
46 67
46 47
46 9
46 8
46 21
46 53
26 48
26 43
26 54
26 21
26 52
26 18
26 46
12 65
12 43
12 57
12 53
12 56
12 7
12 46
38 50
38 57
38 54
38 8
38 6
38 15
38 46
19 47
19 48
19 65
19 52
19 56
19 20
19 46
39 67
39 48
39 50
39 18
39 15
39 34
39 46
14 9
14 50
14 65
14 6
14 7
14 13
14 46
55 48
55 50
55 65
55 13
55 20
55 34
55 26
55 12
55 38
3 29
3 4
3 11
3 13
3 20
3 34
3 19
3 39
3 14
44 29
44 11
44 43
44 52
44 56
44 20
44 55
17 4
17 11
17 57
17 6
17 7
17 13
17 55
49 29
49 4
49 54
49 18
49 15
49 34
49 55
28 48
28 11
28 54
28 52
28 34
28 31
28 17
60 48
60 4
60 43
60 18
60 20
60 25
60 17
23 50
23 29
23 57
23 15
23 13
23 25
23 44
23 60
24 65
24 4
24 43
24 7
24 20
24 40
24 49
33 65
33 29
33 57
33 56
33 13
33 31
33 49
33 28
30 50
30 11
30 54
30 6
30 34
30 40
30 44
30 24
69 43
69 57
69 54
69 8
69 21
69 53
69 44
69 17
69 49
5 67
5 65
5 29
5 52
5 34
5 31
5 26
5 14
5 30
37 47
37 50
37 11
37 7
37 20
37 40
37 12
37 39
37 60
59 67
59 65
59 4
59 6
59 34
59 40
59 38
59 19
59 28
59 37
35 9
35 48
35 4
35 15
35 13
35 25
35 38
35 19
35 33
58 47
58 50
58 29
58 18
58 20
58 25
58 26
58 14
58 24
58 35
36 9
36 48
36 11
36 56
36 13
36 31
36 12
36 39
36 23
36 5
42 47
42 65
42 54
42 53
42 52
42 40
42 38
42 44
42 33
42 58
10 67
10 48
10 57
10 21
10 15
10 31
10 12
10 49
10 60
10 59
1 9
1 65
1 54
1 53
1 6
1 31
1 26
1 17
1 24
1 35
1 10
66 9
66 50
66 43
66 8
66 7
66 25
66 26
66 17
66 30
66 36
27 67
27 50
27 43
27 8
27 18
27 40
27 12
27 49
27 23
27 5
27 42
63 47
63 48
63 57
63 21
63 56
63 25
63 38
63 44
63 28
63 37
63 66
2 67
2 11
2 43
2 53
2 52
2 40
2 19
2 60
2 36
2 1
22 47
22 4
22 57
22 8
22 7
22 25
22 14
22 33
22 59
22 27
32 67
32 11
32 57
32 53
32 6
32 31
32 14
32 23
32 37
32 42
61 9
61 29
61 43
61 21
61 56
61 25
61 19
61 24
61 5
61 10
61 22
16 9
16 29
16 54
16 21
16 15
16 31
16 39
16 30
16 58
16 63
16 32
51 47
51 4
51 54
51 8
51 18
51 40
51 39
51 28
51 35
51 66
51 2
41 67
41 47
41 29
41 21
41 52
41 18
41 3
41 28
41 60
41 69
41 22
41 32
64 67
64 9
64 4
64 8
64 6
64 15
64 3
64 23
64 30
64 69
64 2
64 61
62 47
62 9
62 11
62 53
62 56
62 7
62 3
62 24
62 33
62 69
62 16
62 51
24 68
