VERTICES = 41
EDGES = 184
2 23
37 39
41 36
27 6
2 13
37 8
41 3
27 21
2 20
37 14
41 16
27 33
2 30
37 18
41 26
27 1
2 10
37 32
41 31
27 17
2 12
37 5
41 7
27 11
2 15
37 24
41 29
27 19
2 28
37 22
41 9
27 4
2 25
37 34
41 35
27 38
23 13
39 8
36 3
6 21
23 20
39 14
36 16
6 33
23 30
39 18
36 26
6 1
23 10
39 32
36 31
6 17
23 12
39 5
36 7
6 11
23 15
39 24
36 29
6 19
23 28
39 22
36 9
6 4
23 25
39 34
36 35
6 38
13 20
8 14
3 16
21 33
13 30
8 18
3 26
21 1
13 10
8 32
3 31
21 17
13 12
8 5
3 7
21 11
13 15
8 24
3 29
21 19
13 28
8 22
3 9
21 4
13 25
8 34
3 35
21 38
20 30
14 18
16 26
33 1
20 10
14 32
16 31
33 17
20 12
14 5
16 7
33 11
20 15
14 24
16 29
33 19
20 28
14 22
16 9
33 4
20 25
14 34
16 35
33 38
30 10
18 32
26 31
1 17
30 12
18 5
26 7
1 11
30 15
18 24
26 29
1 19
30 28
18 22
26 9
1 4
30 25
18 34
26 35
1 38
10 12
32 5
31 7
17 11
10 15
32 24
31 29
17 19
10 28
32 22
31 9
17 4
10 25
32 34
31 35
17 38
12 15
5 24
7 29
11 19
12 28
5 22
7 9
11 4
12 25
5 34
7 35
11 38
15 28
24 22
29 9
19 4
15 25
24 34
29 35
19 38
28 25
22 34
9 35
4 38
35 25
38 34
38 35
16 40
