VERTICES = 195
EDGES = 2365
172 190
190 189
189 192
192 190
172 193
172 180
172 185
172 140
172 69
172 170
172 163
172 160
172 182
172 166
172 143
172 153
172 57
172 142
172 130
172 4
172 186
172 32
172 183
172 80
172 106
172 173
172 92
172 12
172 30
172 158
172 98
172 109
172 83
172 99
172 85
172 52
172 67
172 148
172 105
172 121
172 89
172 90
172 40
172 47
172 73
172 141
172 24
172 60
172 139
172 113
172 174
172 9
172 112
172 8
172 96
172 155
172 5
172 164
172 76
172 18
172 64
172 135
172 167
172 149
172 103
172 188
172 145
172 71
193 177
193 66
193 25
193 168
193 128
193 81
193 10
193 118
193 36
193 87
193 134
193 16
193 151
193 63
193 79
193 97
193 15
193 91
193 115
193 131
193 7
193 28
193 50
193 23
193 55
193 126
193 102
193 133
193 53
193 77
193 42
193 159
193 49
193 82
193 3
193 94
193 41
193 171
193 35
193 13
193 43
193 184
193 110
193 65
193 114
193 88
193 108
193 120
193 6
193 161
193 62
193 132
193 117
193 111
193 37
193 22
193 101
193 138
193 29
193 95
193 107
193 61
193 179
177 176
177 185
177 157
177 69
177 46
177 163
177 162
177 182
177 150
177 143
177 84
177 57
177 58
177 130
177 122
177 186
177 21
177 183
177 31
177 106
177 104
177 92
177 59
177 30
177 169
177 98
177 74
177 83
177 34
177 85
177 1
177 67
177 165
177 105
177 78
177 89
177 72
177 40
177 14
177 73
177 19
177 24
177 152
177 139
177 137
177 174
177 17
177 112
177 100
177 96
177 38
177 5
177 127
177 76
177 191
177 64
177 20
177 167
177 48
177 103
177 39
177 145
177 27
180 176
180 66
180 157
180 168
180 46
180 81
180 162
180 118
180 150
180 87
180 84
180 16
180 58
180 63
180 122
180 97
180 21
180 91
180 31
180 131
180 104
180 28
180 59
180 23
180 169
180 126
180 74
180 133
180 34
180 77
180 1
180 159
180 165
180 82
180 78
180 94
180 72
180 171
180 14
180 13
180 19
180 184
180 152
180 65
180 137
180 88
180 17
180 120
180 100
180 161
180 38
180 132
180 127
180 111
180 191
180 22
180 20
180 138
180 48
180 95
180 39
180 61
180 27
176 25
176 140
176 128
176 170
176 10
176 160
176 36
176 166
176 134
176 153
176 151
176 142
176 79
176 4
176 15
176 32
176 115
176 80
176 7
176 173
176 50
176 12
176 55
176 158
176 102
176 109
176 53
176 99
176 42
176 52
176 49
176 148
176 3
176 121
176 41
176 90
176 35
176 47
176 43
176 141
176 110
176 60
176 114
176 113
176 108
176 9
176 6
176 8
176 62
176 155
176 117
176 164
176 37
176 18
176 101
176 135
176 29
176 149
176 107
176 188
176 179
176 71
66 119
66 69
66 170
66 181
66 182
66 166
66 11
66 57
66 142
66 146
66 186
66 32
66 56
66 106
66 173
66 54
66 30
66 158
66 68
66 83
66 99
66 75
66 67
66 148
66 129
66 89
66 90
66 195
66 73
66 141
66 175
66 139
66 113
66 136
66 112
66 8
66 51
66 5
66 164
66 26
66 64
66 135
66 45
66 103
66 188
66 144
185 119
185 168
185 128
185 181
185 118
185 36
185 11
185 16
185 151
185 146
185 97
185 15
185 56
185 131
185 7
185 54
185 23
185 55
185 68
185 133
185 53
185 75
185 159
185 49
185 129
185 94
185 41
185 195
185 13
185 43
185 175
185 65
185 114
185 136
185 120
185 6
185 51
185 132
185 117
185 26
185 22
185 101
185 45
185 95
185 107
185 144
25 119
25 69
25 46
25 181
25 182
25 150
25 11
25 57
25 58
25 146
25 186
25 21
25 56
25 106
25 104
25 54
25 30
25 169
25 68
25 83
25 34
25 75
25 67
25 165
25 129
25 89
25 72
25 195
25 73
25 19
25 175
25 139
25 137
25 136
25 112
25 100
25 51
25 5
25 127
25 26
25 64
25 20
25 45
25 103
25 39
25 144
140 119
140 168
140 46
140 181
140 118
140 150
140 11
140 16
140 58
140 146
140 97
140 21
140 56
140 131
140 104
140 54
140 23
140 169
140 68
140 133
140 34
140 75
140 159
140 165
140 129
140 94
140 72
140 195
140 13
140 19
140 175
140 65
140 137
140 136
140 120
140 100
140 51
140 132
140 127
140 26
140 22
140 20
140 45
140 95
140 39
140 144
157 119
157 128
157 170
157 181
157 36
157 166
157 11
157 151
157 142
157 146
157 15
157 32
157 56
157 7
157 173
157 54
157 55
157 158
157 68
157 53
157 99
157 75
157 49
157 148
157 129
157 41
157 90
157 195
157 43
157 141
157 175
157 114
157 113
157 136
157 6
157 8
157 51
157 117
157 164
157 26
157 101
157 135
157 45
157 107
157 188
157 144
119 81
119 163
119 10
119 160
119 162
119 87
119 143
119 134
119 153
119 84
119 63
119 130
119 79
119 4
119 122
119 91
119 183
119 115
119 80
119 31
119 28
119 92
119 50
119 12
119 59
119 126
119 98
119 102
119 109
119 74
119 77
119 85
119 42
119 52
119 1
119 82
119 105
119 3
119 121
119 78
119 171
119 40
119 35
119 47
119 14
119 184
119 24
119 110
119 60
119 152
119 88
119 174
119 108
119 9
119 17
119 161
119 96
119 62
119 155
119 38
119 111
119 76
119 37
119 18
119 191
119 138
119 167
119 29
119 149
119 48
119 61
119 145
119 179
119 71
119 27
168 154
168 182
168 166
168 143
168 153
168 124
168 186
168 32
168 183
168 80
168 2
168 30
168 158
168 98
168 109
168 44
168 67
168 148
168 105
168 121
168 156
168 73
168 141
168 24
168 60
168 93
168 112
168 8
168 96
168 155
168 33
168 64
168 135
168 167
168 149
168 147
69 154
69 118
69 36
69 87
69 134
69 124
69 97
69 15
69 91
69 115
69 2
69 23
69 55
69 126
69 102
69 44
69 159
69 49
69 82
69 3
69 156
69 13
69 43
69 184
69 110
69 93
69 120
69 6
69 161
69 62
69 33
69 22
69 101
69 138
69 29
69 147
128 154
128 182
128 150
128 143
128 84
128 124
128 186
128 21
128 183
128 31
128 2
128 30
128 169
128 98
128 74
128 44
128 67
128 165
128 105
128 78
128 156
128 73
128 19
128 24
128 152
128 93
128 112
128 100
128 96
128 38
128 33
128 64
128 20
128 167
128 48
128 147
170 154
170 118
170 150
170 87
170 84
170 124
170 97
170 21
170 91
170 31
170 2
170 23
170 169
170 126
170 74
170 44
170 159
170 165
170 82
170 78
170 156
170 13
170 19
170 184
170 152
170 93
170 120
170 100
170 161
170 38
170 33
170 22
170 20
170 138
170 48
170 147
46 154
46 36
46 166
46 134
46 153
46 124
46 15
46 32
46 115
46 80
46 2
46 55
46 158
46 102
46 109
46 44
46 49
46 148
46 3
46 121
46 156
46 43
46 141
46 110
46 60
46 93
46 6
46 8
46 62
46 155
46 33
46 101
46 135
46 29
46 149
46 147
81 154
81 182
81 166
81 11
81 124
81 186
81 32
81 56
81 2
81 30
81 158
81 68
81 44
81 67
81 148
81 129
81 156
81 73
81 141
81 175
81 93
81 112
81 8
81 51
81 33
81 64
81 135
81 45
81 147
163 154
163 118
163 36
163 11
163 124
163 97
163 15
163 56
163 2
163 23
163 55
163 68
163 44
163 159
163 49
163 129
163 156
163 13
163 43
163 175
163 93
163 120
163 6
163 51
163 33
163 22
163 101
163 45
163 147
10 154
10 182
10 150
10 11
10 124
10 186
10 21
10 56
10 2
10 30
10 169
10 68
10 44
10 67
10 165
10 129
10 156
10 73
10 19
10 175
10 93
10 112
10 100
10 51
10 33
10 64
10 20
10 45
10 147
160 154
160 118
160 150
160 11
160 124
160 97
160 21
160 56
160 2
160 23
160 169
160 68
160 44
160 159
160 165
160 129
160 156
160 13
160 19
160 175
160 93
160 120
160 100
160 51
160 33
160 22
160 20
160 45
160 147
162 154
162 36
162 166
162 11
162 124
162 15
162 32
162 56
162 2
162 55
162 158
162 68
162 44
162 49
162 148
162 129
162 156
162 43
162 141
162 175
162 93
162 6
162 8
162 51
162 33
162 101
162 135
162 45
162 147
181 154
181 87
181 143
181 134
181 153
181 84
181 124
181 91
181 183
181 115
181 80
181 31
181 2
181 126
181 98
181 102
181 109
181 74
181 44
181 82
181 105
181 3
181 121
181 78
181 156
181 184
181 24
181 110
181 60
181 152
181 93
181 161
181 96
181 62
181 155
181 38
181 33
181 138
181 167
181 29
181 149
181 48
181 147
154 16
154 57
154 151
154 142
154 58
154 63
154 130
154 79
154 4
154 122
154 146
154 131
154 106
154 7
154 173
154 104
154 28
154 92
154 50
154 12
154 59
154 54
154 133
154 83
154 53
154 99
154 34
154 77
154 85
154 42
154 52
154 1
154 75
154 94
154 89
154 41
154 90
154 72
154 171
154 40
154 35
154 47
154 14
154 195
154 65
154 139
154 114
154 113
154 137
154 88
154 174
154 108
154 9
154 17
154 136
154 132
154 5
154 117
154 164
154 127
154 111
154 76
154 37
154 18
154 191
154 26
154 95
154 103
154 107
154 188
154 39
154 61
154 145
154 179
154 71
154 27
154 144
118 123
118 186
118 32
118 183
118 80
118 106
118 173
118 92
118 12
118 116
118 67
118 148
118 105
118 121
118 89
118 90
118 40
118 47
118 125
118 112
118 8
118 96
118 155
118 5
118 164
118 76
118 18
118 178
182 123
182 97
182 15
182 91
182 115
182 131
182 7
182 28
182 50
182 116
182 159
182 49
182 82
182 3
182 94
182 41
182 171
182 35
182 125
182 120
182 6
182 161
182 62
182 132
182 117
182 111
182 37
182 178
36 123
36 186
36 21
36 183
36 31
36 106
36 104
36 92
36 59
36 116
36 67
36 165
36 105
36 78
36 89
36 72
36 40
36 14
36 125
36 112
36 100
36 96
36 38
36 5
36 127
36 76
36 191
36 178
166 123
166 97
166 21
166 91
166 31
166 131
166 104
166 28
166 59
166 116
166 159
166 165
166 82
166 78
166 94
166 72
166 171
166 14
166 125
166 120
166 100
166 161
166 38
166 132
166 127
166 111
166 191
166 178
150 123
150 15
150 32
150 115
150 80
150 7
150 173
150 50
150 12
150 116
150 49
150 148
150 3
150 121
150 41
150 90
150 35
150 47
150 125
150 6
150 8
150 62
150 155
150 117
150 164
150 37
150 18
150 178
87 123
87 186
87 32
87 56
87 106
87 173
87 54
87 116
87 67
87 148
87 129
87 89
87 90
87 195
87 125
87 112
87 8
87 51
87 5
87 164
87 26
87 178
143 123
143 97
143 15
143 56
143 131
143 7
143 54
143 116
143 159
143 49
143 129
143 94
143 41
143 195
143 125
143 120
143 6
143 51
143 132
143 117
143 26
143 178
134 123
134 186
134 21
134 56
134 106
134 104
134 54
134 116
134 67
134 165
134 129
134 89
134 72
134 195
134 125
134 112
134 100
134 51
134 5
134 127
134 26
134 178
153 123
153 97
153 21
153 56
153 131
153 104
153 54
153 116
153 159
153 165
153 129
153 94
153 72
153 195
153 125
153 120
153 100
153 51
153 132
153 127
153 26
153 178
84 123
84 15
84 32
84 56
84 7
84 173
84 54
84 116
84 49
84 148
84 129
84 41
84 90
84 195
84 125
84 6
84 8
84 51
84 117
84 164
84 26
84 178
11 123
11 91
11 183
11 115
11 80
11 31
11 28
11 92
11 50
11 12
11 59
11 116
11 82
11 105
11 3
11 121
11 78
11 171
11 40
11 35
11 47
11 14
11 125
11 161
11 96
11 62
11 155
11 38
11 111
11 76
11 37
11 18
11 191
11 178
16 123
16 186
16 32
16 183
16 80
16 2
16 116
16 67
16 148
16 105
16 121
16 156
16 125
16 112
16 8
16 96
16 155
16 33
16 178
57 123
57 97
57 15
57 91
57 115
57 2
57 116
57 159
57 49
57 82
57 3
57 156
57 125
57 120
57 6
57 161
57 62
57 33
57 178
151 123
151 186
151 21
151 183
151 31
151 2
151 116
151 67
151 165
151 105
151 78
151 156
151 125
151 112
151 100
151 96
151 38
151 33
151 178
142 123
142 97
142 21
142 91
142 31
142 2
142 116
142 159
142 165
142 82
142 78
142 156
142 125
142 120
142 100
142 161
142 38
142 33
142 178
58 123
58 15
58 32
58 115
58 80
58 2
58 116
58 49
58 148
58 3
58 121
58 156
58 125
58 6
58 8
58 62
58 155
58 33
58 178
63 123
63 186
63 32
63 56
63 2
63 116
63 67
63 148
63 129
63 156
63 125
63 112
63 8
63 51
63 33
63 178
130 123
130 97
130 15
130 56
130 2
130 116
130 159
130 49
130 129
130 156
130 125
130 120
130 6
130 51
130 33
130 178
79 123
79 186
79 21
79 56
79 2
79 116
79 67
79 165
79 129
79 156
79 125
79 112
79 100
79 51
79 33
79 178
4 123
4 97
4 21
4 56
4 2
4 116
4 159
4 165
4 129
4 156
4 125
4 120
4 100
4 51
4 33
4 178
122 123
122 15
122 32
122 56
122 2
122 116
122 49
122 148
122 129
122 156
122 125
122 6
122 8
122 51
122 33
122 178
146 123
146 91
146 183
146 115
146 80
146 31
146 2
146 116
146 82
146 105
146 3
146 121
146 78
146 156
146 125
146 161
146 96
146 62
146 155
146 38
146 33
146 178
124 123
124 131
124 106
124 7
124 173
124 104
124 28
124 92
124 50
124 12
124 59
124 54
124 116
124 94
124 89
124 41
124 90
124 72
124 171
124 40
124 35
124 47
124 14
124 195
124 125
124 132
124 5
124 117
124 164
124 127
124 111
124 76
124 37
124 18
124 191
124 26
124 178
123 23
123 30
123 55
123 158
123 169
123 126
123 98
123 102
123 109
123 74
123 68
123 133
123 83
123 53
123 99
123 34
123 77
123 85
123 42
123 52
123 1
123 75
123 44
123 13
123 73
123 43
123 141
123 19
123 184
123 24
123 110
123 60
123 152
123 175
123 65
123 139
123 114
123 113
123 137
123 88
123 174
123 108
123 9
123 17
123 136
123 93
123 22
123 64
123 101
123 135
123 20
123 138
123 167
123 29
123 149
123 48
123 45
123 95
123 103
123 107
123 188
123 39
123 61
123 145
123 179
123 71
123 27
123 144
123 147
97 70
97 67
97 148
97 105
97 121
97 89
97 90
97 40
97 47
97 73
97 141
97 24
97 60
97 139
97 113
97 174
97 9
97 187
186 70
186 159
186 49
186 82
186 3
186 94
186 41
186 171
186 35
186 13
186 43
186 184
186 110
186 65
186 114
186 88
186 108
186 187
15 70
15 67
15 165
15 105
15 78
15 89
15 72
15 40
15 14
15 73
15 19
15 24
15 152
15 139
15 137
15 174
15 17
15 187
32 70
32 159
32 165
32 82
32 78
32 94
32 72
32 171
32 14
32 13
32 19
32 184
32 152
32 65
32 137
32 88
32 17
32 187
21 70
21 49
21 148
21 3
21 121
21 41
21 90
21 35
21 47
21 43
21 141
21 110
21 60
21 114
21 113
21 108
21 9
21 187
91 70
91 67
91 148
91 129
91 89
91 90
91 195
91 73
91 141
91 175
91 139
91 113
91 136
91 187
183 70
183 159
183 49
183 129
183 94
183 41
183 195
183 13
183 43
183 175
183 65
183 114
183 136
183 187
115 70
115 67
115 165
115 129
115 89
115 72
115 195
115 73
115 19
115 175
115 139
115 137
115 136
115 187
80 70
80 159
80 165
80 129
80 94
80 72
80 195
80 13
80 19
80 175
80 65
80 137
80 136
80 187
31 70
31 49
31 148
31 129
31 41
31 90
31 195
31 43
31 141
31 175
31 114
31 113
31 136
31 187
56 70
56 82
56 105
56 3
56 121
56 78
56 171
56 40
56 35
56 47
56 14
56 184
56 24
56 110
56 60
56 152
56 88
56 174
56 108
56 9
56 17
56 187
131 70
131 67
131 148
131 105
131 121
131 156
131 73
131 141
131 24
131 60
131 93
131 187
106 70
106 159
106 49
106 82
106 3
106 156
106 13
106 43
106 184
106 110
106 93
106 187
7 70
7 67
7 165
7 105
7 78
7 156
7 73
7 19
7 24
7 152
7 93
7 187
173 70
173 159
173 165
173 82
173 78
173 156
173 13
173 19
173 184
173 152
173 93
173 187
104 70
104 49
104 148
104 3
104 121
104 156
104 43
104 141
104 110
104 60
104 93
104 187
28 70
28 67
28 148
28 129
28 156
28 73
28 141
28 175
28 93
28 187
92 70
92 159
92 49
92 129
92 156
92 13
92 43
92 175
92 93
92 187
50 70
50 67
50 165
50 129
50 156
50 73
50 19
50 175
50 93
50 187
12 70
12 159
12 165
12 129
12 156
12 13
12 19
12 175
12 93
12 187
59 70
59 49
59 148
59 129
59 156
59 43
59 141
59 175
59 93
59 187
54 70
54 82
54 105
54 3
54 121
54 78
54 156
54 184
54 24
54 110
54 60
54 152
54 93
54 187
2 70
2 94
2 89
2 41
2 90
2 72
2 171
2 40
2 35
2 47
2 14
2 195
2 65
2 139
2 114
2 113
2 137
2 88
2 174
2 108
2 9
2 17
2 136
2 187
23 70
23 67
23 148
23 105
23 121
23 89
23 90
23 40
23 47
23 125
23 187
30 70
30 159
30 49
30 82
30 3
30 94
30 41
30 171
30 35
30 125
30 187
55 70
55 67
55 165
55 105
55 78
55 89
55 72
55 40
55 14
55 125
55 187
158 70
158 159
158 165
158 82
158 78
158 94
158 72
158 171
158 14
158 125
158 187
169 70
169 49
169 148
169 3
169 121
169 41
169 90
169 35
169 47
169 125
169 187
126 70
126 67
126 148
126 129
126 89
126 90
126 195
126 125
126 187
98 70
98 159
98 49
98 129
98 94
98 41
98 195
98 125
98 187
102 70
102 67
102 165
102 129
102 89
102 72
102 195
102 125
102 187
109 70
109 159
109 165
109 129
109 94
109 72
109 195
109 125
109 187
74 70
74 49
74 148
74 129
74 41
74 90
74 195
74 125
74 187
68 70
68 82
68 105
68 3
68 121
68 78
68 171
68 40
68 35
68 47
68 14
68 125
68 187
133 70
133 67
133 148
133 105
133 121
133 156
133 125
133 187
83 70
83 159
83 49
83 82
83 3
83 156
83 125
83 187
53 70
53 67
53 165
53 105
53 78
53 156
53 125
53 187
99 70
99 159
99 165
99 82
99 78
99 156
99 125
99 187
34 70
34 49
34 148
34 3
34 121
34 156
34 125
34 187
77 70
77 67
77 148
77 129
77 156
77 125
77 187
85 70
85 159
85 49
85 129
85 156
85 125
85 187
42 70
42 67
42 165
42 129
42 156
42 125
42 187
52 70
52 159
52 165
52 129
52 156
52 125
52 187
1 70
1 49
1 148
1 129
1 156
1 125
1 187
75 70
75 82
75 105
75 3
75 121
75 78
75 156
75 125
75 187
44 70
44 94
44 89
44 41
44 90
44 72
44 171
44 40
44 35
44 47
44 14
44 195
44 125
44 187
116 70
116 13
116 73
116 43
116 141
116 19
116 184
116 24
116 110
116 60
116 152
116 175
116 65
116 139
116 114
116 113
116 137
116 88
116 174
116 108
116 9
116 17
116 136
116 93
116 187
70 120
70 112
70 6
70 8
70 100
70 161
70 96
70 62
70 155
70 38
70 51
70 132
70 5
70 117
70 164
70 127
70 111
70 76
70 37
70 18
70 191
70 26
70 33
70 22
70 64
70 101
70 135
70 20
70 138
70 167
70 29
70 149
70 48
70 45
70 95
70 103
70 107
70 188
70 39
70 61
70 145
70 179
70 71
70 27
70 144
70 147
70 178
159 86
67 86
49 86
148 86
165 86
82 86
105 86
3 86
121 86
78 86
129 86
94 86
89 86
41 86
90 86
72 86
171 86
40 86
35 86
47 86
14 86
195 86
156 86
13 86
73 86
43 86
141 86
19 86
184 86
24 86
110 86
60 86
152 86
175 86
65 86
139 86
114 86
113 86
137 86
88 86
174 86
108 86
9 86
17 86
136 86
93 86
125 86
120 86
112 86
6 86
8 86
100 86
161 86
96 86
62 86
155 86
38 86
51 86
132 86
5 86
117 86
164 86
127 86
111 86
76 86
37 86
18 86
191 86
26 86
33 86
22 86
64 86
101 86
135 86
20 86
138 86
167 86
29 86
149 86
48 86
45 86
95 86
103 86
107 86
188 86
39 86
61 86
145 86
179 86
71 86
27 86
144 86
147 86
178 86
187 86
23 194
