VERTICES = 61
EDGES = 448
16 7
16 36
16 21
16 38
16 20
16 43
16 53
16 22
16 57
16 1
16 5
16 41
16 14
16 18
16 50
16 2
59 39
59 44
59 33
59 40
59 30
59 28
59 58
59 11
59 31
59 35
59 32
59 3
59 61
59 42
59 4
59 48
59 26
59 34
59 29
59 19
59 56
55 54
55 36
55 45
55 53
55 22
55 8
55 5
55 41
55 14
55 10
55 18
55 2
54 33
54 40
54 30
54 52
54 31
54 35
54 32
54 3
54 37
54 15
54 4
54 48
54 51
54 26
54 34
54 29
54 19
54 49
39 7
39 36
39 21
39 38
39 20
39 27
39 1
39 8
39 5
39 14
39 9
39 25
39 10
39 46
39 13
39 17
39 23
39 24
39 50
7 28
7 12
7 58
7 11
7 3
7 37
7 61
7 15
7 42
7 51
7 26
7 29
7 47
7 56
7 49
44 36
44 21
44 43
44 45
44 27
44 5
44 41
44 9
44 46
44 23
44 24
44 6
44 50
44 2
36 40
36 28
36 58
36 3
36 37
36 61
36 48
36 26
36 34
36 29
36 19
33 20
33 43
33 27
33 22
33 57
33 8
33 41
33 14
33 9
33 25
33 18
33 46
33 17
33 24
33 6
21 40
21 30
21 52
21 32
21 37
21 61
21 15
21 42
21 4
21 48
21 26
21 34
21 19
40 38
40 20
40 43
40 53
40 27
40 57
40 5
40 41
40 14
40 25
40 13
40 17
40 23
40 24
40 6
40 2
38 30
38 28
38 12
38 11
38 31
38 32
38 3
38 37
38 61
38 51
38 34
38 47
38 56
30 20
30 45
30 27
30 22
30 1
30 14
30 9
30 18
30 13
30 23
20 28
20 12
20 52
20 58
20 11
20 31
20 35
20 15
20 42
20 4
20 26
20 34
20 19
20 47
20 56
20 49
28 22
28 8
28 9
28 25
28 13
28 17
28 24
28 50
28 2
43 12
43 58
43 3
43 61
43 15
43 48
43 26
43 29
12 22
12 1
12 5
12 14
12 18
12 2
45 58
45 35
45 32
45 37
45 42
45 29
45 56
45 49
52 53
52 27
52 22
52 57
52 8
52 5
52 25
52 10
52 18
52 17
52 6
53 58
53 11
53 37
53 48
53 34
53 19
53 47
53 49
58 1
58 41
58 46
58 13
58 17
58 23
58 24
58 6
27 11
27 31
27 32
27 3
27 37
27 61
27 48
27 51
27 56
27 49
11 57
11 9
11 10
11 46
11 17
11 24
11 2
22 31
22 35
22 61
22 15
22 4
22 48
22 34
22 29
22 19
22 56
31 41
31 9
31 25
31 10
31 18
31 17
31 23
31 6
31 50
31 2
57 37
57 15
57 48
57 26
57 34
57 49
35 5
35 41
35 9
35 46
35 17
35 23
35 24
35 50
35 2
1 3
1 37
1 61
1 48
1 29
1 56
32 5
32 14
32 9
32 25
32 46
32 13
32 17
32 6
32 50
8 3
8 61
8 4
8 26
8 34
8 19
8 47
8 56
3 9
3 25
3 18
3 46
3 17
3 23
3 24
3 6
5 37
5 15
5 4
5 51
5 29
5 19
37 25
37 24
37 6
37 50
41 15
41 42
41 48
41 51
41 34
41 19
61 25
61 18
61 17
61 24
61 6
61 50
14 4
14 48
14 29
14 19
14 49
15 9
15 25
15 10
15 18
15 46
15 6
9 51
9 34
9 47
9 49
42 46
42 17
42 24
42 6
42 2
25 51
25 34
25 29
25 19
4 18
4 13
4 50
4 2
10 48
10 51
10 34
10 47
10 56
10 49
48 46
48 24
48 50
48 2
18 51
18 47
18 49
51 13
51 24
51 2
46 29
46 49
26 13
26 23
26 50
13 29
13 19
13 47
13 49
34 17
34 23
34 24
34 2
17 29
17 56
17 49
29 23
29 24
29 6
23 56
19 24
19 6
19 50
24 56
47 6
47 2
6 56
6 49
56 50
50 49
49 2
21 60
