VERTICES = 56
EDGES = 483
44 42
44 3
44 31
44 34
44 39
44 4
44 54
44 40
44 49
44 38
44 36
44 33
44 18
44 30
44 24
44 50
44 47
44 14
54 43
54 17
54 10
54 22
54 5
54 18
54 40
54 49
54 38
54 36
54 33
54 42
54 26
54 21
54 51
54 15
54 11
40 41
40 13
40 45
40 29
40 42
40 30
40 49
40 38
40 36
40 33
40 43
40 3
40 16
40 9
40 28
40 37
49 12
49 8
49 46
49 43
49 26
49 24
49 38
49 36
49 33
49 41
49 17
49 31
49 32
49 35
49 2
38 27
38 7
38 41
38 3
38 21
38 50
38 36
38 33
38 12
38 13
38 10
38 34
38 56
38 20
36 1
36 12
36 17
36 16
36 51
36 47
36 33
36 27
36 8
36 45
36 22
36 39
36 23
33 27
33 13
33 31
33 9
33 15
33 14
33 1
33 7
33 46
33 29
33 5
33 4
18 26
18 16
18 32
18 56
18 23
18 42
18 43
18 41
18 12
18 27
18 1
18 30
18 24
18 50
18 47
18 14
42 3
42 31
42 34
42 39
42 4
42 30
42 43
42 41
42 12
42 27
42 1
42 26
42 21
42 51
42 15
42 11
43 17
43 10
43 22
43 5
43 26
43 24
43 41
43 12
43 27
43 1
43 3
43 16
43 9
43 28
43 37
41 13
41 45
41 29
41 3
41 21
41 50
41 12
41 27
41 1
41 17
41 31
41 32
41 35
41 2
12 8
12 46
12 17
12 16
12 51
12 47
12 27
12 1
12 13
12 10
12 34
12 56
12 20
27 7
27 13
27 31
27 9
27 15
27 14
27 1
27 8
27 45
27 22
27 39
27 23
1 8
1 10
1 32
1 28
1 11
1 7
1 46
1 29
1 5
1 4
30 21
30 9
30 35
30 20
30 26
30 3
30 17
30 13
30 8
30 7
30 24
30 50
30 47
30 14
26 16
26 32
26 56
26 23
26 24
26 3
26 17
26 13
26 8
26 7
26 21
26 51
26 15
26 11
3 31
3 34
3 39
3 4
3 21
3 50
3 17
3 13
3 8
3 7
3 16
3 9
3 28
3 37
17 10
17 22
17 5
17 16
17 51
17 47
17 13
17 8
17 7
17 31
17 32
17 35
17 2
13 45
13 29
13 31
13 9
13 15
13 14
13 8
13 7
13 10
13 34
13 56
13 20
8 46
8 10
8 32
8 28
8 11
8 7
8 45
8 22
8 39
8 23
7 45
7 34
7 35
7 37
7 46
7 29
7 5
7 4
24 51
24 28
24 2
24 21
24 16
24 31
24 10
24 45
24 46
24 50
24 47
24 14
21 9
21 35
21 20
21 50
21 16
21 31
21 10
21 45
21 46
21 51
21 15
21 11
16 32
16 56
16 23
16 51
16 47
16 31
16 10
16 45
16 46
16 9
16 28
16 37
31 34
31 39
31 4
31 9
31 15
31 14
31 10
31 45
31 46
31 32
31 35
31 2
10 22
10 5
10 32
10 28
10 11
10 45
10 46
10 34
10 56
10 20
45 29
45 34
45 35
45 37
45 46
45 22
45 39
45 23
46 22
46 56
46 2
46 29
46 5
46 4
50 15
50 37
50 51
50 9
50 32
50 34
50 22
50 29
50 47
50 14
51 28
51 2
51 47
51 9
51 32
51 34
51 22
51 29
51 15
51 11
9 35
9 20
9 15
9 14
9 32
9 34
9 22
9 29
9 28
9 37
32 56
32 23
32 28
32 11
32 34
32 22
32 29
32 35
32 2
34 39
34 4
34 35
34 37
34 22
34 29
34 56
34 20
22 5
22 56
22 2
22 29
22 39
22 23
29 39
29 20
29 5
29 4
47 11
47 15
47 28
47 35
47 56
47 39
47 5
47 14
15 37
15 14
15 28
15 35
15 56
15 39
15 5
15 11
28 2
28 11
28 35
28 56
28 39
28 5
28 37
35 20
35 37
35 56
35 39
35 5
35 2
56 23
56 2
56 39
56 5
56 20
39 4
39 20
39 5
39 23
5 23
5 4
14 11
14 37
14 2
14 20
14 23
14 4
11 37
11 2
11 20
11 23
11 4
37 2
37 20
37 23
37 4
2 20
2 23
2 4
20 23
20 4
23 4
4 6
6 52
6 48
6 19
6 25
6 53
19 55
