VERTICES = 82
EDGES = 811
80 26
5 26
5 80
35 26
79 26
79 35
45 26
70 26
54 26
69 26
23 26
56 26
25 26
72 26
27 26
27 45
52 26
52 69
50 26
50 70
33 26
33 54
42 26
42 25
1 26
1 72
6 26
6 56
46 26
46 23
57 80
57 35
57 23
57 56
57 25
57 72
67 80
67 35
67 45
67 52
67 6
67 46
59 80
59 35
59 70
59 33
59 1
59 46
11 80
11 35
11 54
11 50
11 42
11 6
16 80
16 35
16 69
16 27
16 42
16 1
44 80
44 79
44 45
44 70
44 23
44 42
68 80
68 79
68 45
68 54
68 56
68 1
41 80
41 79
41 70
41 69
41 72
41 6
20 80
20 79
20 54
20 69
20 25
20 46
58 80
58 79
58 27
58 52
58 50
58 33
58 57
48 80
48 56
48 27
48 33
48 42
48 46
48 41
64 80
64 23
64 27
64 50
64 1
64 6
64 20
19 80
19 25
19 52
19 33
19 1
19 6
19 44
34 80
34 72
34 52
34 50
34 42
34 46
34 68
75 80
75 45
75 69
75 23
75 72
75 33
75 11
30 80
30 45
30 69
30 56
30 25
30 50
30 59
4 80
4 70
4 54
4 25
4 72
4 27
4 67
61 80
61 70
61 54
61 23
61 56
61 52
61 16
12 5
12 35
12 72
12 27
12 33
12 6
12 44
12 20
12 34
12 30
12 61
39 5
39 35
39 25
39 27
39 50
39 46
39 68
39 41
39 19
39 75
39 61
66 5
66 35
66 56
66 52
66 50
66 1
66 44
66 20
66 48
66 75
66 4
13 5
13 35
13 23
13 52
13 33
13 42
13 68
13 41
13 64
13 30
13 4
24 5
24 35
24 45
24 70
24 54
24 69
24 57
24 48
24 64
24 19
24 34
74 5
74 79
74 42
74 1
74 6
74 46
74 58
74 75
74 30
74 4
74 61
74 24
29 5
29 79
29 45
29 25
29 72
29 52
29 59
29 11
29 48
29 64
29 61
21 5
21 79
21 70
21 56
21 25
21 33
21 67
21 16
21 64
21 34
21 75
38 5
38 79
38 54
38 23
38 72
38 50
38 67
38 16
38 48
38 19
38 30
28 5
28 79
28 69
28 23
28 56
28 27
28 59
28 11
28 19
28 34
28 4
78 5
78 45
78 50
78 33
78 42
78 1
78 57
78 67
78 41
78 20
78 61
78 28
43 5
43 69
43 50
43 33
43 6
43 46
43 57
43 16
43 44
43 68
43 4
43 29
71 5
71 70
71 27
71 52
71 42
71 6
71 57
71 59
71 68
71 20
71 75
71 38
18 5
18 54
18 27
18 52
18 1
18 46
18 57
18 11
18 44
18 41
18 30
18 21
51 5
51 45
51 70
51 56
51 72
51 46
51 11
51 16
51 20
51 58
51 19
51 13
36 5
36 45
36 54
36 23
36 25
36 6
36 59
36 16
36 41
36 58
36 34
36 66
22 5
22 70
22 69
22 23
22 25
22 1
22 67
22 11
22 68
22 58
22 48
22 12
37 5
37 54
37 69
37 56
37 72
37 42
37 67
37 59
37 44
37 58
37 64
37 39
31 35
31 45
31 70
31 25
31 1
31 6
31 20
31 58
31 48
31 34
31 75
31 61
31 13
31 38
31 28
31 43
31 18
31 37
15 35
15 45
15 54
15 72
15 42
15 46
15 41
15 58
15 64
15 19
15 30
15 61
15 66
15 21
15 28
15 43
15 71
15 22
17 35
17 70
17 69
17 56
17 42
17 46
17 68
17 58
17 64
17 19
17 75
17 4
17 12
17 29
17 38
17 78
17 18
17 36
10 35
10 54
10 69
10 23
10 1
10 6
10 44
10 58
10 48
10 34
10 30
10 4
10 39
10 29
10 21
10 78
10 71
10 51
62 35
62 45
62 23
62 56
62 50
62 33
62 16
62 41
62 20
62 19
62 34
62 4
62 74
62 29
62 71
62 18
62 22
62 37
3 35
3 69
3 25
3 72
3 50
3 33
3 67
3 44
3 68
3 48
3 64
3 61
3 74
3 28
3 71
3 18
3 51
3 36
7 35
7 70
7 23
7 72
7 27
7 52
7 11
7 68
7 20
7 48
7 19
7 30
7 74
7 21
7 78
7 43
7 36
7 37
8 35
8 54
8 56
8 25
8 27
8 52
8 59
8 44
8 41
8 64
8 34
8 75
8 74
8 38
8 78
8 43
8 51
8 22
47 79
47 23
47 25
47 27
47 33
47 1
47 67
47 11
47 41
47 34
47 30
47 61
47 66
47 24
47 43
47 71
47 51
47 37
47 17
40 79
40 56
40 72
40 27
40 50
40 42
40 67
40 59
40 20
40 19
40 75
40 61
40 13
40 24
40 43
40 18
40 36
40 22
40 10
73 79
73 56
73 72
73 52
73 33
73 46
73 11
73 16
73 44
73 64
73 30
73 4
73 39
73 24
73 78
73 71
73 36
73 22
73 31
53 79
53 23
53 25
53 52
53 50
53 6
53 59
53 16
53 68
53 48
53 75
53 4
53 12
53 24
53 78
53 18
53 51
53 37
53 15
60 79
60 45
60 69
60 33
60 42
60 6
60 57
60 59
60 64
60 34
60 4
60 61
60 39
60 66
60 38
60 18
60 51
60 22
60 7
65 79
65 45
65 69
65 50
65 1
65 46
65 57
65 11
65 48
65 19
65 4
65 61
65 12
65 13
65 21
65 71
65 36
65 37
65 8
2 79
2 70
2 54
2 27
2 6
2 46
2 57
2 16
2 19
2 34
2 75
2 30
2 66
2 13
2 29
2 78
2 22
2 37
2 3
14 79
14 70
14 54
14 52
14 42
14 1
14 57
14 67
14 48
14 64
14 75
14 30
14 12
14 39
14 28
14 43
14 51
14 36
14 62
55 45
55 23
55 56
55 52
55 42
55 1
55 59
55 11
55 41
55 20
55 58
55 4
55 12
55 39
55 24
55 21
55 38
55 43
55 3
55 2
32 69
32 25
32 72
32 27
32 6
32 46
32 59
32 11
32 44
32 68
32 58
32 61
32 66
32 13
32 24
32 21
32 38
32 78
32 62
32 14
63 70
63 23
63 72
63 33
63 42
63 6
63 67
63 16
63 68
63 20
63 58
63 30
63 39
63 66
63 24
63 29
63 28
63 18
63 8
63 65
49 54
49 56
49 25
49 50
49 1
49 46
49 67
49 16
49 44
49 41
49 58
49 75
49 12
49 13
49 24
49 29
49 28
49 71
49 7
49 60
82 45
82 70
82 25
82 52
82 33
82 46
82 57
82 11
82 16
82 68
82 41
82 64
82 12
82 66
82 74
82 38
82 28
82 37
82 10
82 40
77 45
77 54
77 72
77 52
77 50
77 6
77 57
77 59
77 16
77 44
77 20
77 48
77 39
77 13
77 74
77 21
77 28
77 22
77 17
77 47
9 70
9 69
9 56
9 27
9 33
9 1
9 57
9 67
9 11
9 44
9 20
9 34
9 39
9 13
9 74
9 29
9 38
9 36
9 15
9 53
76 54
76 69
76 23
76 27
76 50
76 42
76 57
76 67
76 59
76 68
76 41
76 19
76 12
76 66
76 74
76 29
76 21
76 51
76 31
76 73
68 81
