VERTICES = 43
EDGES = 127
40 29
14 29
5 29
34 29
25 29
31 29
20 40
20 21
28 31
28 36
28 20
9 25
9 11
9 20
41 5
41 6
41 20
43 34
43 30
43 20
7 14
7 21
4 31
4 21
17 5
17 21
42 34
42 21
12 25
12 21
18 40
18 36
18 4
22 40
22 30
22 42
27 40
27 11
27 12
16 40
16 6
16 17
3 25
3 36
3 42
3 16
13 34
13 6
13 4
13 27
37 5
37 30
37 12
37 18
23 31
23 11
23 17
23 22
10 14
10 36
10 43
10 17
10 27
32 14
32 11
32 41
32 42
32 18
24 14
24 6
24 28
24 12
24 22
2 14
2 30
2 9
2 4
2 16
26 34
26 36
26 41
26 12
26 23
26 2
19 25
19 30
19 28
19 17
19 13
19 32
15 5
15 11
15 43
15 4
15 3
15 24
8 31
8 6
8 9
8 42
8 37
8 10
35 5
35 36
35 9
35 7
35 22
35 13
33 34
33 11
33 28
33 7
33 16
33 37
38 31
38 30
38 41
38 7
38 27
38 3
39 25
39 6
39 43
39 7
39 18
39 23
42 1
