VERTICES = 31
EDGES = 385
29 22
29 2
29 7
29 8
29 6
29 11
29 20
29 12
29 10
29 27
29 15
29 28
29 26
29 19
29 1
29 3
29 5
29 14
29 21
29 16
29 31
29 18
29 9
29 25
29 24
29 13
17 22
17 2
17 7
17 8
17 6
17 11
17 20
17 12
17 28
17 26
17 19
17 1
17 5
17 14
17 21
17 16
17 4
17 31
17 18
17 9
17 25
17 24
17 13
23 22
23 2
23 7
23 8
23 6
23 11
23 20
23 12
23 10
23 27
23 15
23 19
23 1
23 3
23 5
23 14
23 21
23 16
23 4
23 18
23 9
23 25
23 24
23 13
22 2
22 7
22 8
22 6
22 20
22 12
22 10
22 27
22 15
22 28
22 26
22 19
22 3
22 5
22 14
22 21
22 16
22 31
22 25
22 24
22 13
2 7
2 8
2 6
2 11
2 20
2 12
2 15
2 28
2 26
2 19
2 1
2 3
2 5
2 14
2 21
2 16
2 4
2 31
2 18
2 9
2 25
2 24
2 13
7 6
7 11
7 20
7 10
7 27
7 15
7 28
7 19
7 1
7 3
7 5
7 21
7 16
7 4
7 31
7 18
7 9
7 25
7 24
7 13
8 6
8 11
8 20
8 12
8 10
8 27
8 15
8 28
8 26
8 19
8 1
8 5
8 21
8 16
8 18
8 25
8 13
6 11
6 20
6 12
6 10
6 27
6 15
6 28
6 26
6 19
6 1
6 3
6 5
6 14
6 21
6 16
6 4
6 31
6 18
6 9
6 24
11 20
11 12
11 10
11 27
11 15
11 28
11 26
11 19
11 1
11 3
11 5
11 21
11 16
11 4
11 31
11 18
11 9
11 24
11 13
20 12
20 10
20 27
20 15
20 28
20 26
20 19
20 1
20 3
20 5
20 14
20 21
20 16
20 4
20 31
20 18
20 9
20 25
20 24
20 13
12 10
12 27
12 15
12 28
12 26
12 19
12 1
12 3
12 5
12 14
12 21
12 16
12 4
12 31
12 18
12 9
12 25
12 24
12 13
10 27
10 15
10 28
10 26
10 19
10 1
10 5
10 14
10 21
10 16
10 4
10 31
10 18
10 9
10 25
10 24
10 13
27 15
27 28
27 26
27 19
27 1
27 3
27 5
27 21
27 16
27 4
27 31
27 18
27 9
27 25
27 24
27 13
15 28
15 19
15 1
15 3
15 5
15 14
15 21
15 16
15 4
15 31
15 18
15 9
15 25
15 24
15 13
28 19
28 1
28 3
28 5
28 14
28 21
28 16
28 4
28 31
28 18
28 9
28 25
28 13
26 19
26 1
26 3
26 5
26 14
26 21
26 16
26 4
26 31
26 18
26 9
26 25
26 24
26 13
19 1
19 14
19 16
19 4
19 31
19 18
19 25
19 24
19 13
1 3
1 5
1 14
1 21
1 16
1 4
1 31
1 18
1 9
1 25
1 24
1 13
3 5
3 14
3 21
3 4
3 31
3 18
3 9
3 24
3 13
5 14
5 21
5 16
5 4
5 31
5 18
5 9
5 13
14 21
14 16
14 4
14 18
14 9
14 25
14 24
21 16
21 4
21 31
21 18
21 9
21 25
21 24
16 4
16 31
16 18
16 9
16 25
16 24
16 13
4 31
4 18
4 9
4 25
4 24
4 13
31 18
31 9
31 25
31 24
31 13
18 9
18 25
18 24
18 13
9 13
25 24
24 13
17 30
